       2   0.603921    78.3438     435.25    87.9377    426.274  20
       3   0.920783    77.6719      442.5    94.4782    432.296  21
       4   0.840137    76.8438        451    102.651    439.163  19
       5    0.97341    76.1875     459.25    109.644     445.97  20
       6   0.843906    75.3906     468.25    118.106    453.111  16
       7    0.71763    74.5469     476.75     127.03    459.515  17
       8   0.833194    73.7344     486.75    136.334    467.267  16
       9   0.698163    72.8125     496.75    146.789    474.567  16
      10   0.921155    72.0938     507.75    156.113    483.155  16
      11   0.769924    71.2812      518.5    166.399    491.074  18
      12    1.03294    70.6562     530.75    175.803    500.788  17
      13   0.740658      69.75      543.5    188.115    509.907  17
      14   0.904595    69.0781        556    198.545    519.342  17
      15   0.988658     68.375      571.5    210.615    531.275  18
      16   0.671371    67.4062        586    225.138    541.026  16
      17   0.934174    66.7188        602    237.937    552.983  16
      18   0.947989    66.0156     619.75    251.921    566.239  17
      19   0.823246    65.1562        639    268.473    579.865  14
      20   0.798863     64.375        657    284.139     592.38  14
      21   0.925541    63.5781        681    303.029    609.864  15
      22   0.965243    62.8438      706.5     322.46    628.619  16
      23    1.07062    62.2656      732.5    340.886    648.346  16
      24   0.907202    61.4844        761      363.3    668.681  16
      25   0.942769    60.8125     789.25    384.893    689.038  15
      26   0.859295    59.9531        823    412.083    712.402  17
      27   0.872417      59.25     853.75    436.516    733.718  15
      28   0.977527       58.5        898    469.204    765.671  13
      29   0.884716      57.75     938.25    500.664    793.504  14
      30   0.820251    56.9219        981    535.412    822.007  14
      31   0.870692    56.1406     1030.5     574.15    855.735  13
      32   0.952778    55.4688       1088    616.739    896.313  14
      33   0.884978    54.6875    1151.25    665.464    939.433  11
      34   0.950468    53.9062       1237    728.727    999.563   9
      35    1.26967    53.3125    1714.75    1024.48    1375.07  29
      36   -1.12495    52.5156       1710    1040.61    1356.92  28
      37   -3.03313    51.6875     1693.5    1049.89    1328.79  28
      38   -1.00111    50.8438    1690.75     1067.6    1311.05  28
      39   -1.49176    50.0469    1683.75    1081.24    1290.71  32
      40   -1.37644    49.2031    1677.75    1096.21    1270.11  24
      41   -2.09228    48.4062    1667.75    1107.13    1247.26  30
      42   -1.22204    47.5625       1664    1122.84    1228.06  31
      43   -1.20736    46.7812       1661    1137.43    1210.44  29
      44   -1.99448    45.9375    1652.25    1149.05    1187.28  30
      45   -1.09421    45.1406       1651    1164.56     1170.3  35
      46  -0.874403    44.2969    1652.75    1182.92    1154.24  31
      47   -2.14433    43.4844    1644.75    1193.37    1131.85  34
      48  -0.818318    42.7031    1647.75    1210.89     1117.5  41
      49   -1.33707    41.8906     1645.5    1224.94    1098.72  39
      50   -2.24712    41.0312    1637.75    1235.44    1075.13  42
      51    -1.2785    40.2656    1636.75    1248.93    1057.88  46
      52  -0.993977    39.4219       1639    1266.11    1040.81  40
      53   -1.54356    38.6875    1636.75    1277.59    1023.09  37
      54   -1.44402    37.8438    1635.25    1291.34    1003.24  45
      55   -1.64602    37.0312    1632.75    1303.44    983.325  37
      56    -1.3181    36.1719       1633    1318.24    963.812  35
      57    -1.6511    35.4062    1631.25    1329.57    945.097  34
      58  -0.755611    34.5938    1638.75    1349.02    930.407  37
      59   -1.31111    33.7969       1640    1362.86     912.25  38
      60   -1.88415    32.9688    1637.75    1374.02    891.233  31
      61   0.887295    32.0781     1485.5     1258.7    788.912  13
      62   0.797569    31.1562    1301.75    1113.99    673.491  10
      63   0.784789    30.2656       1155    997.571    582.131  11
      64   0.804434    29.3281    1041.75    908.228     510.26  13
      65   0.816709    28.4375     956.75    841.306    455.604  12
      66    0.80687    27.4375     874.25    775.909    402.838  12
      67   0.774243    26.5781     807.75    722.391    361.402  13
      68   0.756552    25.6562      743.5    670.197    321.914  13
      69    0.79127    24.8281     698.75    634.166    293.403  12
      70   0.842925    23.7656      654.5    598.999    263.761  15
      71   0.756011    22.9219     616.25    567.589    240.014  14
      72   0.772568    22.0312        582    539.502    218.315  14
      73   0.833792    21.0469      552.5    515.641     198.42  16
      74   0.871735      20.25     532.25    499.352    184.221  19
      75   0.809523    19.1875     504.75     476.71    165.891  18
      76   0.787912    18.3906     485.25    460.467    153.093  18
      77   0.843885    17.3906        465    443.744    138.981  17
      78   0.751928    16.6875      449.5    430.569    129.075  19
      79   0.895583     15.625      432.5    416.517     116.49  18
      80   0.745091    14.8438     417.75    403.809    107.021  15
      81   0.916826    13.7969     403.75    392.101    96.2865  16
      82     0.7272    13.0312        391    380.931    88.1636  19
      83   0.657202    12.3594        379    370.216    81.1222  16
      84   0.860314    11.4531     368.25    360.917     73.122  18
      85   0.908286    10.5938     359.25    353.127     66.046  21
      86   0.815946    9.57812        348    343.149    57.9045  20
      87   0.835486     8.8125     340.25    336.233    52.1268  19
      88    1.13723        7.5     331.25    328.416    43.2368  18
      89   0.768337    6.70312      323.5    321.289    37.7605  19
      90   0.820474    5.79688     315.75    314.135    31.8914  22
      91   0.541321    5.23438      308.5    307.214    28.1445  21
      92    1.32521    3.96875      302.5    301.775    20.9367  24
      93   0.886278    3.10938     296.75    296.313    16.0964  22
      94   0.460015    2.64062     290.75    290.441    13.3952  23
      95   0.883777    1.57812     284.25    284.142    7.82824  20
      96    1.28225     0.1875     278.75    278.749   0.912206  20
      97   0.584874    359.578     273.75    273.743   -2.01563  18
      98   0.595924    358.797     267.75    267.691   -5.62193  16
      99   0.868434     357.75      262.5    262.298   -10.3057  18
     100   0.718539    356.922     257.75    257.378   -13.8406  17
     101   0.622419    356.125     252.75    252.172   -17.0808  17
     102   0.455744    355.562     248.25    247.506   -19.2075  17
     103   0.986554    354.328     243.75    242.557   -24.0901  20
     104   0.561594    353.656     239.75    238.282   -26.4908  26
     105    1.24967    352.188        236    233.809   -32.0799  26
     106   0.464463    351.672     232.75    230.296    -33.712  27
     107   0.978014    350.594      229.5    226.414    -37.508  25
     108   0.526515    349.469     223.75    219.981   -40.8952  21
     109  -0.568171     349.25     226.25    222.279   -42.2011  27
     110   0.522444    348.219     221.25    216.589   -45.1739  21
     111   0.644306    347.438     218.25    213.025   -47.4703  28
     112   0.808852    346.766     216.25    210.507   -49.5072  25
     113    1.08917    345.297     213.25    206.267   -54.1251  24
     114    1.04573    344.047     210.75    202.633   -57.9248  26
     115   0.241777    343.656     208.25    199.835   -58.6014  29
     116   0.679667    343.062      206.5    197.543   -60.1593  25
     117   0.657703    342.297     204.25    194.578   -62.1094  28
     118   0.782828    341.562      202.5    192.106   -64.0447  26
     119   0.822352    340.641      200.5    189.163   -66.4642  29
     120   0.699598    339.828      198.5    186.324   -68.4502  28
     121    1.52352    337.422     196.75     181.67   -75.5408  26
     122  -0.186363    337.328     195.25    180.163   -75.2597  28
     123    1.10851    335.797      193.5    176.491   -79.3297  27
     124   0.140887    335.656     192.75    175.612   -79.4535  32
     125   0.491019    334.922     190.75    172.768   -80.8501  27
     126   0.505304    334.438      189.5    170.951   -81.7684  25
     127    1.38834    331.469        188    165.169   -89.7959  26
     128   0.723056    330.656     186.75    162.789   -91.5165  29
     129  -0.341955    330.469      183.5    159.661   -90.4468  28
     130   -3.73824    329.844      185.5    160.394   -93.1878  29
     131  -0.218685    329.719     184.25    159.111   -92.9072  32
     132   0.107347    329.312      182.5    156.943   -93.1398  29
     133   0.488797    328.828      181.5    155.295   -93.9457  31
     134    1.33017    325.531     180.75    149.017   -102.297  34
     135   0.632076    324.969        180    147.391   -103.324  31
     136    0.19469    324.297        178    144.545   -103.878  30
     137   -2.25099    324.156     178.75    144.898   -104.672  29
     138   0.822784    322.531      177.5    140.879   -107.978  27
     139    0.58676    321.719      176.5    138.549   -109.346  26
     140   0.499094    321.016      175.5    136.419   -110.409  26
     141   -1.97578    320.906     176.25     136.79   -111.142  25
     142   0.313177    320.156     174.75    134.172   -111.962  29
     143    1.39784    319.172        175    132.418   -114.414  27
     144   0.604186    317.859     173.75    128.836   -116.578  27
     145    2.98601    317.672        174    128.638   -117.167  26
     146    4.67582    317.531     174.25    128.535   -117.652  26
     147   0.497368    316.656     173.25    125.996   -118.914  28
     148   0.868688    314.625     172.75    121.351    -122.95  27
     149   0.980823    314.266     172.75    120.577   -123.708  31
     150   0.970973    314.047     172.75    120.104   -124.168  25
     151   0.843737    312.531      172.5    116.609   -127.117  29
     152   0.715324    311.812     172.25    114.838   -128.383  26
     153   0.882297    311.031     172.25    113.077   -129.937  31
     154   0.857388    310.188     172.25    111.151   -131.588  33
     155    0.91981    308.688      172.5    107.825   -134.648  34
     156  -0.197412    308.547        172    107.183   -134.521  34
     157    1.23226    307.812      172.5    105.756   -136.279  32
     158  -0.158262    307.734     172.25    105.417   -136.225  33
     159   0.850471    305.281     172.75    99.7788    -141.02  32
     160    5.64287    305.031      173.5     99.593   -142.069  32
     161   0.193292    304.469     172.75     97.769   -142.421  33
     162     1.4273    302.984      174.5    94.9996   -146.374  30
     163  -0.128827    302.594      173.5    93.4608   -146.176  30
     164   0.851849    302.016     173.75    92.1137   -147.323  31
     165    1.73241    300.812     175.75    90.0245   -150.943  39
     166  -0.449957    300.641        175     89.189   -150.567  34
     167   0.798113    299.547      175.5    86.5453   -152.677  36
     168   0.858842        298      176.5    82.8617    -155.84  33
     169  -0.869244    297.938        176    82.4574   -155.489  33
     170    2.67966    297.484     177.25    81.8021   -157.245  31
     171   0.908156    296.031      178.5    78.3367   -160.392  33
     172 -0.0826145    295.484      177.5     76.372    -160.23  31
     173    3.93554    294.891     179.75    75.6545   -163.054  29
     174   0.129676    293.844     178.75    72.2586   -163.494  30
     175   -16.1606    293.609     180.75    72.3902   -165.621  28
     176   0.456652    291.391        181    66.0151   -168.532  29
     177   0.907273    290.578        182    63.9701   -170.387  31
     178   -3.32037    290.547      183.5    64.4037   -171.827  31
     179  0.0600797    289.766     182.75    61.8012   -171.983  32
     180   -7.72014    289.562     185.75    62.1956   -175.028  31
     181  -0.390555    289.203     184.75    60.7676    -174.47  30
     182    1.34081    287.766        188    57.3633   -179.035  31
     183    1.55604    287.219      189.5    56.0959   -181.007  32
     184  -0.637201      286.5     186.75    53.0399    -179.06  31
     185    4.25502    285.609        192    51.6629   -184.919  25
     186  -0.318105    284.797     190.25    48.5885   -183.941  30
     187    2.04243    284.031     193.25    46.8537   -187.484  24
     188   0.451898    282.875        194     43.228   -189.123  27
     189    3.67683    282.641      195.5    42.7823   -190.761  28
     190   0.780678    281.734        197    40.0648   -192.883  25
     191     1.0696    281.125      198.5    38.3006    -194.77  28
     192   0.479588    279.547        200    33.1709    -197.23  27
     193   -9.59673    279.516     201.75    33.3526   -198.974  31
     194   0.955702    278.797      203.5    31.1216   -201.106  30
     195    1.36197    278.172     205.75    29.2459   -203.661  27
     196   0.734846    277.281      207.5    26.2986   -205.827  25
     197    1.15134    276.672      209.5    24.3404   -208.081  26
     198   0.857216    275.297        213    19.6634    -212.09  26
     199   -2.77616    275.156        211     18.963   -210.146  22
     200    3.38371    274.734        215    17.7453   -214.266  21
     201   0.939898    273.125        220    11.9932   -219.673  25
     202   -1.84105    272.844     217.75    10.8031   -217.482  27
     203    1.06411    271.781     221.75     6.8928   -221.643  24
     204    1.28994    271.359     223.75     5.3081   -223.687  20
     205   0.141049    270.344     224.25     1.3454   -224.246  20
     206   -1.26045    269.312     219.25   -2.63075   -219.234  26
     207   -3.58591    268.922     214.25   -4.03127   -214.212  21
     208  -0.851222    267.484        210   -9.21729   -209.798  21
     209   -1.82104    266.719      205.5   -11.7623   -205.163  22
     210   -3.10867    266.391      202.5   -12.7481   -202.098  22
     211  -0.557811    264.359     199.25    -19.584   -198.285  26
     212   -0.65409    262.172      195.5   -26.6275   -193.678  28
     213   -3.48837    261.844        193   -27.3815   -191.048  28
     214    -4.2775    261.062      186.5   -28.9741   -184.236  28
     215   -2.29858    260.516     183.75   -30.2781   -181.238  25
     216    2.51656    260.156     189.25   -32.3545   -186.464  24
     217    -8.1577    259.109      178.5   -33.7249   -175.285  26
     218    4.58622    259.094      180.5   -34.1511    -177.24  26
     219   -1.38761    256.391        173   -40.7071   -168.143  24
     220    3.07978    256.328      175.5   -41.4814   -170.527  26
     221   -2.44221    254.844      169.5   -44.3162   -163.604  25
     222    1.67799    254.703        171   -45.1133   -164.942  29
     223   -6.82332    254.062     166.75   -45.7877    -160.34  24
     224  -0.773467     252.25     164.75   -50.2264   -156.907  26
     225   -1.65731    251.438     162.75   -51.8097   -154.283  28
     226   -1.09136    250.625      161.5   -53.5776   -152.354  29
     227   -1.77144    249.797      159.5   -55.0832   -149.687  28
     228   -1.63127    248.984     157.75   -56.5727   -147.257  27
     229    -1.1023    248.062      156.5   -58.4676   -145.168  29
     230   -1.78612     247.25     154.75   -59.8435   -142.711  29
     231   -1.54812    246.422     153.25   -61.2999   -140.456  28
     232  -0.934723    245.609      152.5   -62.9757    -138.89  29
     233  -0.964587    244.797     151.75   -64.6195   -137.304  25
     234   -1.74026    243.969     150.25   -65.9389   -135.008  25
     235   -1.53636    243.156        149   -67.2823   -132.944  26
     236   -1.05391    242.328     148.25   -68.8484   -131.293  27
     237   -1.10121    241.516      147.5   -70.3456   -129.645  21
     238   -1.69015    240.688     146.25      -71.6   -127.525  24
     239   -1.17695    239.875      145.5   -73.0247   -125.848  25
     240  -0.971625    239.062        145   -74.5449   -124.371  23
     241   -1.53614    238.234        144   -75.8082    -122.43  25
     242   -1.29793    237.422     143.25   -77.1328   -120.711  26
     243     4.9987    237.344     142.75   -77.0276   -120.185  28
     244  -0.862224    235.781     142.25   -79.9949   -117.626  26
     245   -1.41352    234.953      141.5   -81.2559   -115.844  27
     246   -1.48239    234.141     140.75    -82.451   -114.072  25
     247   -1.08193    233.078     140.25   -84.2518   -112.124  27
     248   -1.52248      232.5     139.75   -85.0744   -110.871  28
     249   -1.00358    231.688      139.5   -86.4831   -109.457  29
     250   -1.02835    230.859     139.25   -87.8982   -108.002  30
     251   -1.36533    230.047     138.75   -89.0998   -106.362  29
     252   -1.09052    229.219      138.5   -90.4644   -104.873  27
     253    -1.8918    228.406     137.75   -91.4446   -103.019  29
     254  -0.692781    227.594        138   -93.0648   -101.897  29
     255   -2.67898    226.766        137   -93.8429   -99.8124  26
     256  -0.734968    225.953     137.25   -95.4226   -98.6514  35
     257   -1.26395    225.125        137   -96.6621   -97.0847  35
     258   -1.71397    224.312      136.5   -97.6713    -95.355  32
     259  -0.784238    223.562     136.75   -99.0922   -94.2406  31
     260   -1.38634     222.75      136.5   -100.235   -92.6563  36
     261   -1.42932    221.938     136.25   -101.353   -91.0585  36
     262  -0.872447    221.125      136.5   -102.822   -89.7766  32
     263   -1.51183    220.297     136.25   -103.918   -88.1194  34
     264   -1.19638    219.484     136.25   -105.157    -86.637  33
     265  -0.950827    218.672      136.5   -106.571   -85.2933  35
     266   -1.26778    217.859      136.5   -107.769   -83.7735  35
     267    -1.3058    217.031      136.5   -108.969   -82.2072  30
     268   -1.03092    216.234     136.75   -110.303   -80.8315  30
     269   -1.07153    215.406        137   -111.664   -79.3737  33
     270   -1.42815    214.594        137   -112.778   -77.7823  30
     271  -0.881781    213.781      137.5   -114.285   -76.4533  30
     272   -1.16365    212.969     137.75   -115.568    -74.961  31
     273  -0.769221    212.391     138.25    -116.74    -74.059  29
     274   -1.30682    211.328      138.5   -118.307   -72.0115  32
     275   -1.66943    210.516      138.5   -119.316   -70.3266  30
     276   -1.30999    209.703     138.75   -120.519   -68.7515  32
     277   -1.35693    208.875        139   -121.719   -67.1231  26
     278   -1.08454    208.062      139.5     -123.1   -65.6256  30
     279    -1.1178     207.25        140   -124.462   -64.1023  27
     280   -1.48175    206.438     140.25   -125.583   -62.4423  28
     281   -1.18675    205.625     140.75   -126.906   -60.8714  29
     282  -0.369409    205.312      141.5   -127.914    -60.499  29
     283   -1.80382    203.984     141.75   -129.511   -57.6196  29
     284   -1.03592    203.172      142.5   -131.004   -56.0724  27
     285   -1.34456    202.359        143   -132.249   -54.3993  27
     286   -1.38753    201.547      143.5   -133.472   -52.7021  30
     287   -1.44614    200.719        144   -134.687   -50.9445  28
     288  -0.909457    199.953        145   -136.296   -49.4814  27
     289   -1.21145    199.141     145.75   -137.692   -47.7897  27
     290   -1.58117    198.328     146.25   -138.831   -45.9896  29
     291   -1.29123    197.516        147   -140.184    -44.242  25
     292    -1.3515    196.688     147.75   -141.528   -42.4266  26
     293   -1.37991    195.875      148.5   -142.836   -40.6206  25
     294    -1.1587    195.062      149.5   -144.364   -38.8509  26
     295   -1.19875     194.25      150.5   -145.869   -37.0461  28
     296   -1.24037    193.438      151.5   -147.353   -35.2063  27
     297   -1.58607    192.625     152.25   -148.569   -33.2771  25
     298   -1.64271    191.812        153    -149.76   -31.3206  24
     299   -0.49395    191.094      155.5   -152.594   -29.9205  27
     300    0.41436        191     154.25   -151.416   -29.4323  25
     301    -1.2135    189.359     156.75   -154.663   -25.4917  25
     302   -1.53363    188.547     157.75   -155.998   -23.4446  25
     303   -1.11617    187.734     159.25   -157.801    -21.432  26
     304   -1.36643    186.922      160.5    -159.33   -19.3428  22
     305   -1.20112    186.109        162    -161.08   -17.2411  25
     306   -1.24714    185.297      163.5   -162.802   -15.0937  23
     307   -1.29517    184.484        165   -164.495   -12.9009  24
     308  -0.351579    184.219     166.75   -166.298   -12.2669  25
     309   -2.24667    182.844     168.25   -168.043   -8.34729  23
     310  -0.441023    182.219        172   -171.871   -6.65895  20
     311     0.3614    182.031     170.25   -170.143   -6.03444  21
     312   -1.43299    180.406      173.5   -173.496   -1.23017  21
     313 -0.00501047    180.391      177.5   -177.496   -1.21013  22
     314   0.366401    180.156      175.5   -175.499  -0.478601  22
     315   -1.07833    178.141      181.5   -181.404    5.88904  20
     316   0.258636    177.953      179.5   -179.385    6.41122  24
     317 -0.0859368    177.891      183.5   -183.376    6.75413  21
     318  -0.868642    176.156     190.75   -190.321    12.7871  20
     319   0.544455    175.672     188.25   -187.713    14.2069  23
     320   0.105183    175.531     185.75   -185.185    14.4728  20
     321  -0.998062    173.719        193   -191.841    21.1159  22
     322  -0.270007    173.594     195.75   -194.528    21.8413  20
     323   -0.26824    173.484     198.25   -196.969    22.4963  22
     324   -2.78636    171.938        201   -199.013    28.1909  20
     325  -0.626243    171.594     203.75   -201.561    29.7864  22
     326   -1.14907    170.828        207   -204.353    32.9951  23
     327  -0.586856    170.484     210.25   -207.357    34.7578  21
     328   -1.15522    169.875        213   -209.683    37.4446  24
     329   -1.18571    169.109      216.5   -212.601    40.9044  23
     330  -0.720255    168.688        220   -215.726    43.1552  18
     331    -2.2149    167.625        223   -217.819    47.7909  22
     332   -1.44398     166.75     226.75   -220.714    51.9712  20
     333   -2.36661    165.656        230    -222.83    56.9799  23
     334  -0.342467    165.578        234   -226.626      58.28  18
     335  -0.947855    164.469      242.5   -233.645    64.9327  17
     336  -0.186885    164.375        238   -229.205    64.1029  17
     337  -0.839892    163.406     247.25   -236.953    70.6106  15
     338   -1.11713    162.609        253   -241.435    75.6178  13
     339   -1.15158    161.828     258.75   -245.845     80.696  14
     340  -0.855415    160.828     270.25   -255.261    88.7509  14
     341  -0.335798    160.812      263.5   -248.862    86.6021  15
     342  -0.775483    159.875        277   -260.088    95.3072  18
     343   -1.09446    159.297      282.5   -264.257    99.8711  17
     344   -2.04249    158.188      288.5   -267.845    107.198  18
     345  -0.963184    157.656     295.25   -273.083    112.243  16
     346   -1.47276    156.844     301.75    -277.44     118.66  17
     347  -0.976298    156.359      308.5    -282.61    123.708  17
     348   -1.47961    155.531     315.75   -287.392    130.783  15
     349   -1.75025    154.609        323     -291.8    138.498  16
     350  -0.936057    154.141      331.5   -298.306    144.588  14
     351   -1.41902    153.328     340.25   -304.045    152.732  17
     352   -1.06091    152.719      350.5   -311.513    160.655  15
     353   -1.40516    151.922     360.25   -317.851    169.561  12
     354    -1.4969    151.156      369.5   -323.659    178.255  15
     355  -0.929083    150.688        382    -333.09    187.017  14
     356    -2.0142    149.625     392.75   -338.839    198.597  14
     357    -1.2255    148.969     405.25   -347.253    208.909  15
     358   -1.05919    148.453     418.75   -356.864    219.088  13
     359    -1.2676    147.703     434.25   -367.068    232.022  12
     360   -1.24624    147.016        450   -377.469    244.985  11
     361   -1.50028    146.094      467.5   -388.002    260.788  12
     362   -1.21331    145.453     485.75   -400.094    275.459  10
     363   -1.23842    144.766     506.25   -413.504    292.067  11
     364    -1.1686        144      534.5    -432.42    314.171  10
     365   -1.32931    143.375     554.25   -444.817    330.652  11
     366    -1.2564    142.547     586.25   -465.395    356.506  10
     367   -1.37662    141.766      614.5   -482.681    380.302  10
     368   -1.09665    141.203     653.25   -509.125    409.301  11
     369    -1.3007    140.359      695.5   -535.577    443.708  10
     370   -1.08418    139.719      758.5   -578.644    490.401  10
     371   -1.24042    139.031     809.25   -611.038    530.583  11
     372    -1.1534    138.391     878.25   -656.658    583.201  10
     373   -1.24253    137.625        954   -704.767    642.977  10
     374   -1.23412    136.922    1038.25   -758.362     709.12  11
     375   -1.24594    136.172     1142.5   -824.223    791.178  10
     376   -1.21137      135.5    1270.75   -906.363     890.68   9
     377   -1.24222    134.719    1438.75   -1012.34    1022.33  10
     378   -1.23562        134    1644.25   -1142.19    1182.77   9
     379   -1.21156    133.312       1943   -1332.85    1413.77   9
     380   -1.23156    132.562    2360.25   -1596.46    1738.42  20
     381    2.16875    131.781       2374   -1581.77    1770.28  24
     382   0.894117    130.969    2374.25   -1556.67    1792.72  25
     383   0.434948    130.141    2363.75   -1523.83       1807  32
     384   0.868795    129.312     2364.5   -1498.03    1829.42  31
     385   0.721591    128.531    2362.75   -1471.85     1848.3  30
     386   0.664092    127.688       2360    -1442.8     1867.6  27
     387    1.65285    126.875    2373.25   -1424.12    1898.47  28
     388   0.750666    126.062     2373.5    -1397.2    1918.68  27
     389   0.640226    125.266    2371.75   -1369.37     1936.5  24
     390   0.818287    124.484    2374.25   -1344.26    1957.05  33
     391    1.04323    123.672     2381.5   -1320.39    1981.95  27
     392   0.802835    122.859    2384.75   -1293.92     2003.2  26
     393   0.259857        122    2373.25   -1257.63    2012.63  27
     394    3.08836    121.219       2401   -1244.45    2053.32  24
     395   0.416211    120.391       2396   -1212.12    2066.78  26
     396     2.3249    119.609     2420.5   -1195.93    2104.42  26
     397   0.243847    118.797       2411   -1161.39    2112.84  26
     398   0.449553    117.984     2408.5   -1130.14    2126.89  26
     399   0.734771    117.172    2413.75   -1102.27    2147.37  23
     400     2.1827    116.359    2441.25   -1083.91    2187.43  21
     401   0.398913    115.562    2438.75   -1052.31    2200.03  23
     402   -1.93855    114.422    1468.25   -607.051    1336.88  35
     403   0.901195    113.672     1474.5   -592.009    1350.44  30
     404   0.627074    112.859    1477.75   -574.063    1361.69  30
     405   -2.11943    111.719       1002   -370.791     930.87  13
     406   -1.21183    110.703     949.75   -335.761     888.42  15
     407   -1.32485    109.797     901.25   -305.241    847.985  18
     408   -1.39769    108.969      857.5   -278.732    810.934  18
     409   -1.28898    107.984      816.5   -252.101    776.606  18
     410   -1.37858    107.125      780.5   -229.824    745.896  15
     411   -1.35133    106.219        747   -208.641    717.271  15
     412   -1.16941    105.375      723.5   -191.825    697.607  12
     413   -1.57699    104.516     689.75   -172.882    667.733  20
     414   -1.32474    103.609      664.5   -156.358    645.843  19
     415    -1.3331    102.703        641   -140.956     625.31  17
     416    -1.3011    101.812     620.25   -126.971    607.115  18
     417   -1.44559    101.016      600.5   -114.742    589.436  20
     418   -1.37573    99.3125     564.75   -91.3873    557.307  19
     419   -5.55684    98.8125      361.5   -55.3823    357.232  12
     420   -7.45648    98.4062     552.75    -80.807    546.811  19
     421   -1.22131    97.6094     540.25   -71.5391    535.492  13
     422   -1.60532    96.7656     523.25   -61.6431    519.606  20
     423   -1.09153    95.6875        510   -50.5424    507.489  18
     424   -1.77729    95.0156     496.75   -43.4296    494.848  20
     425   -1.17377    94.1094        486   -34.8271    484.751  20
     426   -1.10358    93.0625        475    -25.377    474.322  19
     427   -1.50246    92.4062        466   -19.5648    465.589  23
     428   -1.32835    91.4688     455.25   -11.6688      455.1  19
     429   -1.04916    90.5938     447.75    -4.6399    447.726  22
     430   -1.25594    89.6719     438.75    2.51265    438.743  20
     431   -1.13972    88.7812     431.25    9.17251    431.152  21
     432    -1.4525    87.9219      422.5    15.3208    422.222  26
     433   -1.32051    87.1875        416    20.4122    415.499  22
     434   -1.63724    86.4688      408.5    25.1607    407.724  22
     435   -1.30807    85.4688      400.5    31.6406    399.248  26
     436    -1.0046    84.7031        396    36.5572    394.309  20
     437  -0.663609    83.4531      391.5    44.6373    388.947  22
     438    1.28474    82.9062     397.75    49.1194    394.705  21
     439    0.79283    82.1094      403.5    55.3935     399.68  21
     440    0.87899    81.3594     409.75    61.5594    405.099  24
     441   0.792154     80.625      415.5    67.6831     409.95  20
