167.546 805.51
177.908 804.565
189.92 803.613
202.099 802.184
212.864 799.653
226.031 798.111
237.678 797.59
239.362 759.159
261.276 793.07
272.256 790.69
283.343 789.176
296.204 787.646
308.318 784.595
320.834 781.182
332.912 780.735
344.537 778.409
356.37 776.366
369.374 773.866
383.383 773.167
394.173 769.969
403.288 770.6
417.242 769.966
428.851 765.28
443.963 765.586
456.077 762.804
469.944 760.812
482.826 758.34
496.756 755.879
509.268 753.247
525.063 754.235
538.705 751.33
554.653 750.855
567.714 747.003
582.864 743.52
598.08 742.284
614.14 738.832
627.862 736.758
645.016 733.481
660.426 731.47
677.422 730.83
695.654 729.472
712.231 725.959
728.53 721.019
746.905 720.097
764.363 715.513
779.926 711.935
801.363 710.157
817.417 703.556
836.711 701.308
859.182 700.809
877.06 694.526
896.57 691.076
921.927 691.181
934.078 680.205
929.006 654.66
928.043 636.337
923.486 612.692
920.195 592.598
914.239 570.24
912.626 550.397
906.667 529.084
902.994 510.889
896.149 491.327
894.43 471.829
891.055 455.546
889.235 439.124
883.302 419.836
878.593 402.136
877.344 386.611
873.66 370.566
867.597 351.908
864.953 336.904
862.47 321.66
856.554 307.271
854.049 291.73
196.874 48.4592
197.7 41.4593
196.114 39.232
197.452 37.5989
207.12 37.5699
215.027 37.3711
200.672 33.8061
223.307 33.1244
241.387 33.8576
230.855 31.5462
264.025 30.2278
252.616 28.7819
278.213 26.7889
290.313 26.2769
297.886 22.7086
317.766 21.6108
334.487 18.536
353.65 15.7306
373.04 12.5176
397.398 8.99658
427.725 4.66594
454.5 -0.372828
487.485 -3.8543
536.126 -11.5485
587.236 -17.6237
643.204 -26.4972
728.77 -37.7979
1354.11 -112.138
1451.54 -139.767
1669.02 -180.488
2287.04 -340.535
2281.58 -372.234
2281.38 -406.13
2268.88 -435.234
2272.4 -468.772
2264.69 -500.12
2257.6 -532.261
2249.75 -563.512
2242.25 -595.57
2244.34 -629.673
2237.65 -662.821
2228.74 -694.688
2219.58 -725.856
2212.07 -756.971
2214.53 -793.048
2191.82 -820.185
2191.16 -854.826
1685.78 -688.607
1586.95 -676.172
1510 -668.854
1422.24 -654.245
1353.57 -646.985
1285.89 -638.072
1228.92 -631.659
1178.4 -627.382
1125.46 -620.648
1089.42 -623.056
1032.91 -610.326
1677.39 -1041.16
1652.49 -1064.18
1654.49 -1097.66
1652.58 -1130.48
1651.59 -1165.2
1647.6 -1195.69
1638.76 -1225.82
1633.83 -1257.95
1620.74 -1284.86
1628.24 -1327.39
604.868 -523.196
597.072 -530.572
594.281 -543.376
592.321 -556.888
590.09 -570.46
588 -585.44
588.115 -599.767
584.203 -612.938
581.059 -628.234
578.27 -643.295
577.073 -658.397
577.171 -676.162
571.593 -690.323
570.55 -707.318
567.395 -724.198
561.409 -739.549
563.263 -760.345
558.999 -777.385
555.98 -799.117
552.617 -816.887
552.218 -840.289
546.837 -858.362
542.858 -878.859
536.873 -896.836
535.013 -922.018
529.869 -942.518
526.996 -968.106
522.91 -991.285
517.871 -1015.02
514.824 -1043.96
508.27 -1069.35
504.143 -1097.5
497.909 -1128.27
494.429 -1158.67
489.91 -1194.7
482.615 -1226.19
478.76 -1265.73
642.507 -1835.02
614.54 -1836.67
585.133 -1829.72
139.212 -504.651
130.238 -504.717
123.725 -503.264
116.506 -502.162
107.289 -501.4
101.047 -500.145
94.0816 -500.738
85.5476 -499.477
78.2815 -498.643
69.4917 -497.419
63.7286 -497.686
55.9799 -496.102
48.6175 -496.375
41.6665 -496.505
35.1523 -495.003
27.8377 -494.968
18.9798 -493.385
13.4522 -493.317
4.96069 -491.725
-1.20708 -490.499
-7.89275 -490.436
-13.8882 -489.553
-21.4773 -488.778
-27.6429 -489.22
-34.2822 -488.298
-41.3771 -488.25
-49.1545 -485.518
-55.3564 -485.857
-63.2318 -485.399
-69.8066 -484.244
-77.7629 -485.816
-83.505 -483.593
-89.4776 -482.778
-97.5446 -481.468
-103.924 -481.155
-110.473 -479.694
-118.509 -480.347
-124.983 -478.962
-131.115 -478.356
-138.963 -478.219
-146.41 -477.038
-153.386 -476.942
-161.23 -475.404
-168.21 -473.775
-175.608 -474.017
-183.342 -473.761
-189.963 -472.762
-197.513 -471.014
-205.167 -470.459
-213.06 -470.233
-221.242 -469.758
-228.138 -468.395
-235.711 -468.272
-244.477 -467.144
-251.258 -466.09
-258.682 -464.588
-266.605 -464.992
-274.699 -463.457
-284.728 -462.656
-291.52 -463.14
-300.619 -462.364
-309.944 -459.788
-318.301 -460.44
-313.922 -440.606
-312.152 -423.053
-308.6 -406.979
-305.103 -387.884
-303.247 -375.939
-301.299 -360.068
-298.246 -348.24
-295.46 -335.429
-294.938 -323.814
-292.482 -310.07
-291.237 -298.796
-287.808 -289.542
-286.363 -278.203
-285.337 -269.152
-284.077 -258.744
-282.391 -249.013
-281.205 -241.235
-279.918 -232.293
-279.404 -224.623
-276.494 -216.628
-276.131 -208.904
-274.024 -202.538
-274.226 -194.587
-273.198 -189.524
-272.853 -183.827
-270.09 -173.934
-269.879 -170.077
-268.288 -161.701
-267.489 -156.189
-266.694 -151.559
-266.364 -145.474
-265.16 -139.786
-263.333 -135.719
-263.574 -130.249
-262.056 -124.204
-261.255 -120.009
-261.15 -112.875
-259.582 -110.186
-258.803 -104.889
-258.303 -100.044
-258.023 -93.6729
-255.678 -89.8327
-254.463 -86.4579
-253.977 -82.3701
-253.132 -76.7096
-252.353 -73.1816
-251.381 -69.2701
-250.873 -62.331
-249.484 -61.6994
-248.225 -56.1675
-248.234 -50.152
-247.43 -49.0777
-247.656 -42.3459
-245.504 -38.4712
-244.619 -37.6505
-243.948 -31.7093
-242.901 -30.0268
-242.235 -27.1325
-241.34 -20.9829
-241.085 -17.9157
-240.121 -13.5047
-239.704 -11.908
-238.921 -6.12702
-238.439 -5.39844
-238.25 0.066532
-237.498 1.03629
-237.458 4.46822
-235.797 9.77977
-235.959 11.722
-235.576 17.8289
-234.842 20.674
-235.399 22.7949
-233.219 26.7658
-232.617 29.6586
-232.032 32.1599
-232.055 33.7746
-231.731 40.5353
-230.703 40.6127
-230.725 43.2833
-229.96 47.179
-228.33 53.4367
-228.159 55.2355
-228.721 56.0988
-227.886 59.3981
-226.332 65.9697
-226.669 67.4783
-226.521 70.5403
-225.255 74.4829
-225.258 76.0528
-224.082 80.9351
-222.892 85.5603
-223.543 86.6527
-222.318 91.7328
-221.658 95.232
-222.474 95.8675
-221.54 100.453
-220.227 105.633
-220.721 106.91
-219.431 111.203
-220.755 113.01
-218.606 118.693
-217.639 122.508
-218.827 123.963
-218.272 127.931
-216.027 133.598
-216.718 136.739
-216.187 139.89
-216.482 142.186
-215.254 147.161
-215.847 150.7
-213.645 155.936
-213.586 160.219
-212.767 164.185
-211.614 168.893
-212.541 171.732
-211.673 175.946
-211.65 179.473
-209.368 185.54
-209.082 189.604
-208.463 193.974
-207.858 197.899
-207.021 203.439
-206.095 207.56
-205.56 212.634
-204.94 217.029
-204.558 220.81
-202.139 226.724
-202.733 230.539
-199.843 237.641
-200.662 240.867
-197.917 248.264
-197.2 252.968
-196.697 258.09
-196.626 263.467
-193.966 270.37
-194.498 275.208
-192.26 282.541
-191.403 287.637
-188.7 295.665
-187.512 301.731
-186.684 308.398
-185.891 314.988
-184.418 323.07
-182.595 330.688
-182.318 337.106
-179.779 345.81
-177.387 354.327
-176.695 363.033
-176.341 371.524
-172.924 381.103
-171.962 391.389
-170.344 401.618
-169.282 411.544
-165.496 421.15
-164.658 432.464
-161.737 444.755
-158.609 457.803
-155.402 469.974
-152.323 483.577
-149.449 497.539
-146.703 513.713
-145.508 528.588
-142.81 546.654
-138.288 562.501
-136.05 582.061
-131.788 603.017
-128.248 625.998
-124.687 650.915
-120.803 677.565
-115.528 703.325
-111.863 734.784
-105.873 766.977
-98.7235 800.435
-94.0813 839.998
-82.1706 848.531
-69.8166 848.633
-59.0489 844.438
-45.6458 844.517
-34.383 840.047
-22.4726 840.7
-11.4356 838.672
1.1416 837.499
13.0175 837.399
24.1942 828.897
36.8162 827.682
48.9701 826.551
60.9122 825.756
71.3082 825.426
83.4028 821.527
94.9211 817.256
107.521 816.703
117.865 816.032
129.045 813.326
132.794 813.989
