       2  -0.748474     77.375        364    79.5591    355.199  37
       3  -0.945787    76.7031      361.5    83.1438    351.809  30
       4  -0.832529    75.8906        359    87.5148     348.17  29
       5  -0.627535     74.875        357    93.1505    344.633  27
       6  -0.825302    73.9688      354.5    97.8993    340.714  26
       7    -0.9623    73.1094     351.75    102.199    336.576  29
       8  -0.826728    72.3125     349.75    106.263    333.217  31
       9   -1.07027    71.7188     347.75    109.083    330.198  28
      10  -0.660376    70.6094        346    114.874    326.374  28
      11  -0.926456    69.8281        344    118.624      322.9  29
      12   -1.13279    69.2812     342.25    121.082    320.116  29
      13  -0.875243    68.3594     340.25    125.479    316.268  33
      14  -0.794966       67.5     338.75    129.634    312.964  33
      15  -0.678422    66.4219      337.5        135    309.324  31
      16  -0.743444    65.4688     336.25    139.607    305.898  34
      17   -0.87084    65.0312      335.5    141.623    304.144  32
      18   -1.00646    63.9531     333.25    146.332    299.403  31
      19  -0.775858    63.0938     332.25    150.354    296.283  33
      20  -0.661502    62.2969     331.75    154.227    293.721  29
      21   -1.22698    61.4688     329.75    157.501    289.704  29
      22  -0.720899      60.75     329.25    160.879    287.269  32
      23  -0.836505    60.0312      328.5    164.095    284.579  35
      24  -0.869042    59.0938      327.5    168.215    280.998  33
      25  -0.735658    58.0781        327    172.905    277.548  35
      26   -1.12228    57.3125     325.75    175.923    274.161  33
      27  -0.539924    56.7656        326    178.669    272.678  32
      28   -1.04756    55.7812     324.75    182.624    268.535  33
      29  -0.803036    55.1875      324.5    185.255    266.423  33
      30  -0.822532    53.9219        324      190.8    261.862  36
      31  -0.915909    53.0781      323.5    194.335    258.624  33
      32  -0.929969    52.6406     323.25    196.152    256.934  34
      33  -0.854043    51.6875        323    200.244    253.439  31
      34  -0.802137    50.8438        323    203.954    250.463  32
      35  -0.736475    50.0469     323.25    207.578    247.794  35
      36  -0.852196    49.0781     323.25    211.738    244.249  37
      37  -0.880843    48.1719     323.25    215.575    240.869  32
      38   -1.00903    47.3281        323    218.929    237.485  31
      39  -0.746038    46.5312      323.5    222.555     234.78  32
      40  -0.857614      45.75     323.75     225.91    231.903  30
      41  -0.989421    44.8594     323.75    229.487    228.363  34
      42  -0.432037    44.4219     324.75    231.938    227.304  37
      43   -1.03723    43.4844     324.75    235.626    223.479  37
      44  -0.738759    42.7656      325.5    238.962    221.015  33
      45  -0.947741    41.6094        326    243.747     216.48  32
      46    -1.1384    40.9844        326    246.094    213.808  30
      47  -0.811526    40.0312        327    250.382    210.328  36
      48  -0.509321    39.4219      328.5    253.763    208.606  37
      49   -1.03273    38.4531        329    257.646    204.597  32
      50  -0.574112    37.7031     330.75    261.686    202.277  35
      51  -0.874371    37.0625      331.5     264.53     199.79  29
      52  -0.975493      36.25     332.25    267.941    196.463  31
      53   -1.10974    35.4531     332.75    271.055    193.007  28
      54  -0.546073    34.6719        335    275.512    190.573  35
      55  -0.958384    33.6719     336.25    279.836    186.429  29
      56   -1.04108    32.9844        337    282.682    183.466  28
      57  -0.830361    32.1875      338.5    286.476    180.316  30
      58   -0.80795    31.3438     340.25    290.595    176.988  30
      59  -0.739729    30.7344     341.75     293.75    174.654  29
      60  -0.971493    29.6875      343.5    298.412    170.125  27
      61  -0.971636    28.9844     344.75    301.571    167.056  25
      62  -0.860379    28.1094     346.75    305.851    163.373  23
      63  -0.882919    27.1406        349    310.571    159.205  31
      64  -0.870398    26.4375     350.75    314.069    156.161  25
      65  -0.949558    25.6719      352.5    317.705    152.709  25
      66   -0.44053    25.1562     355.25    321.555    151.013  29
      67  -0.914595    24.2969      357.5    325.835    147.099  34
      68  -0.977789    23.5938     359.25    329.219    143.789  29
      69   -1.11313    22.5469      361.5    333.869    138.613  27
      70   -0.95881    21.5781     364.25    338.722     133.96  29
      71  -0.631483    21.0469     366.75    342.283    131.712  27
      72  -0.723934    20.2812        370    347.061    128.253  27
      73    -1.0381      19.25        373    352.145    122.975  29
      74  -0.906543     18.625     375.25    355.598    119.845  23
      75  -0.868465    17.7344     378.75    360.751    115.369  28
      76   -1.05469    16.8906      381.5    365.043    110.843  27
      77  -0.696021    16.2812     384.75     369.32    107.866  26
      78   -1.14023    15.4219      387.5    373.548    103.046  24
      79  -0.861205    14.4531        392    379.594    97.8384  24
      80  -0.720273    13.8906     395.25    383.691    94.8874  27
      81  -0.684706    13.0938     400.25    389.844    90.6747  26
      82   -1.15335    12.2969     403.25    393.998     85.883  22
      83  -0.647826    11.5938     408.25    399.921    82.0464  26
      84  -0.960532    10.8438        412    404.643    77.5101  25
      85  -0.824163    10.0625     416.75    410.339    72.8155  24
      86   -1.27183     8.9375     421.25    416.135    65.4441  23
      87  -0.576895    8.34375     426.75    422.233    61.9264  24
      88   -0.98698    7.51562      431.5    427.793    56.4387  24
      89   -1.02677     6.6875     436.25    433.282    50.8031  23
      90  -0.855323    5.92188     441.75    439.393    45.5764  25
      91   -0.97442    5.04688      447.5    445.765    39.3669  24
      92  -0.625258    4.45312     453.75     452.38    35.2307  21
      93    -1.0892      3.625        459    458.082    29.0207  23
      94  -0.655214     2.9375      466.5    465.887    23.9065  21
      95   -1.26272    1.96875     472.25    471.971    16.2239  22
      96  -0.924828    1.20312     478.75    478.644    10.0523  21
      97   -0.68515    0.53125     486.75    486.729    4.51311  19
      98   -1.19798    359.516        494    493.982    -4.1762  19
      99   -0.68939    358.938      501.5    501.414   -9.29934  18
     100   -8.95674    358.109      502.5    502.226   -16.5783  23
     101    1.04794    357.328      496.5     495.96   -23.1449  24
     102    1.12503    356.453      490.5     489.56   -30.3448  26
     103    1.20017    355.641      485.5    484.095   -36.9039  29
     104    1.26365    354.562      479.5    477.342   -45.4374  30
     105    1.21466     353.75        475    472.177   -51.7118  27
     106   0.859758    353.094        470     466.59   -56.5152  26
     107    1.28334        352     464.75    460.227   -64.6807  24
     108    0.92994    351.266        460    454.665   -69.8528  26
     109    1.33138    350.312        456    449.498   -76.7331  30
     110   0.907215    349.578      451.5    444.051   -81.6739  31
     111    1.10346    348.688     447.25    438.561   -87.7326  32
     112      1.438    347.781     444.25    434.186   -94.0231  24
     113     1.1918    346.969        441    429.643   -99.4378  26
     114   0.687522    346.172      435.5    422.878   -104.089  31
     115    1.66175    345.297      433.5    419.305   -110.027  26
     116   0.810758    344.656        430    414.673   -113.782  29
     117   0.924514    343.781        426    409.046   -118.984  33
     118    1.44596    342.953        424    405.372   -124.297  30
     119    1.02742    342.078     420.75    400.334   -129.473  29
     120    1.16085     341.25     418.25    396.054   -134.442  27
     121    1.19087    340.531     416.25     392.45   -138.733  28
     122   0.827983    339.469     411.75    385.596   -144.408  29
     123    1.27284    338.797     410.25    382.478   -148.377  34
     124    1.56511    337.891        409    378.925   -153.938  35
     125    1.05698    337.062     406.75    374.588   -158.521  31
     126    1.07059    335.969        404    368.983   -164.523  32
     127    1.57998    335.203     403.25     366.07   -169.124  31
     128   0.628309    334.594      400.5    361.767   -171.828  31
     129    1.72807    333.609        400    358.314   -177.795  39
     130    1.07813    332.734     398.25    354.001   -182.445  31
     131   0.619253    332.188        396    350.254   -184.766  22
     132    1.52178    331.375      395.5     347.16   -189.474  32
     133   0.905972    330.188     392.75    340.772   -195.261  34
     134     1.1668    329.391     391.75    337.163   -199.472  31
     135    1.11764    328.625     390.75    333.614   -203.439  29
     136     1.3208    327.844     390.25    330.386   -207.703  33
     137    1.00461        327        389    326.243   -211.865  33
     138    1.01762     326.25        388     322.61   -215.561  33
     139    1.22717    325.406      387.5    318.989   -220.005  32
     140    1.08181    324.297      386.5    313.858   -225.556  33
     141    1.37678    323.719      386.5    311.566   -228.711  35
     142   0.978949    322.766      385.5    306.922   -233.257  27
     143    1.29809    322.016      385.5    303.843   -237.255  34
     144   0.991649    321.078     384.75    299.337   -241.723  41
     145    1.22054    320.266     384.75    295.879   -245.943  40
     146   0.913896    319.406        384    291.587   -249.865  37
     147    1.15322    318.734        384    288.637   -253.268  34
     148   0.975281    317.641      383.5    283.381   -258.394  36
     149    1.08654    317.109      383.5    280.973    -261.01  36
     150    1.21729    316.047        384    276.445   -266.523  36
     151   0.934244    315.219     383.75    272.386   -270.314  38
     152     1.0869    314.391        384    268.626   -274.401  38
     153    1.09467    313.781     384.25    265.865   -277.423  41
     154    1.05244    313.078      384.5    262.612   -280.848  41
     155    1.71775    312.234     386.25    259.624    -285.98  40
     156   0.892044    311.234     386.25    254.593   -290.468  35
     157   0.865464    310.516     386.25    250.929   -293.638  33
     158     1.2785    309.469     387.75    246.476   -299.332  33
     159   0.911891    308.812        388    243.188    -302.33  31
     160    1.08307    307.875        389    238.823   -307.058  35
     161    1.29147    307.312        390    236.403   -310.183  31
     162    1.11591    306.219      391.5    231.325   -315.849  39
     163   0.903394    305.547        392    227.897   -318.947  34
     164    1.58298    304.844        394    225.108   -323.361  35
     165   0.865886    303.891     394.75    220.116   -327.683  33
     166    1.22648    303.078      396.5    216.403   -332.238  35
     167   0.639373    302.109      396.5    210.754   -335.849  36
     168    2.65263    301.547      399.5    209.017   -340.459  34
     169   0.951097    300.734     400.75    204.807   -344.463  32
     170   0.981772     299.75      402.5    199.727    -349.45  28
     171    1.66803    299.188     404.75    197.384   -353.358  33
     172   0.847624    298.156     406.25      191.7   -358.176  28
     173   0.868957    297.406      407.5    187.571   -361.764  22
     174    1.18522    296.656     409.75    183.829   -366.199  23
     175   0.995114    295.828     411.75    179.388   -370.618  25
     176    1.45644    295.109     414.75    175.998   -375.556  30
     177   0.846836    294.125     416.75    170.338   -380.349  22
     178   0.996157    293.328        419    165.922   -384.748  25
     179    1.57902    292.688     422.25    162.864   -389.577  24
     180   0.883138    291.625        425    156.625   -395.087  28
     181    1.06555    290.922      427.5    152.658   -399.314  23
     182    1.04741    290.094      430.5    147.901   -404.296  27
     183    1.09911    289.406     433.25    143.953   -408.636  26
     184    1.00426    288.469     436.75    138.357   -414.256  25
     185    1.24887    287.672     440.75    133.796   -419.951  26
     186    1.09773    286.953        444    129.466   -424.705  23
     187   0.869959    285.969      447.5    123.113   -430.232  26
     188    1.23796    285.297     451.25    119.049   -435.263  23
     189   0.948087    284.484     454.75     113.74   -440.296  26
     190    1.08524    283.719     458.75    108.795   -445.663  28
     191    1.10164    282.859      463.5    103.156   -451.875  25
     192   0.846249    282.156      466.5    98.2348    -456.04  22
     193    1.45475    281.391      472.5    93.3173   -463.193  22
     194    1.00174      280.5      477.5    87.0175   -469.504  27
     195    1.11274    279.734      482.5    81.5815   -475.553  26
     196   0.857354    278.812     487.25    74.6474   -481.498  27
     197    1.19565    278.219     491.75    70.2971   -486.699  25
     198  -0.217135    277.172      488.5    60.9874   -484.678  20
     199  -0.975844    276.359        480    53.1669   -477.046  24
     200   -1.00734    275.609     472.25    46.1604   -469.989  25
     201  -0.684895    274.609      465.5    37.4085   -463.994  23
     202   -0.87326    273.656     457.75    29.1909   -456.818  32
     203  -0.826283    272.875        452     22.671   -451.431  25
     204  -0.922323    271.984        445     15.409   -444.733  25
     205  -0.877217    271.109     438.75    8.49465   -438.668  25
     206   -1.16936    270.453     432.75    3.42238   -432.736  24
     207  -0.703118    269.359        427   -4.77419   -426.973  24
     208   -1.12118    268.578     420.75   -10.4404    -420.62  29
     209  -0.887666    267.797        416    -15.992   -415.693  22
     210  -0.663427    266.812     411.75   -22.8948   -411.113  22
     211   -1.45048    266.125      405.5   -27.4037   -404.573  22
     212  -0.835501    265.281     401.25   -33.0087    -399.89  21
     213  -0.935663      264.5        397   -38.0508   -395.172  24
     214  -0.719786    263.484        393   -44.5953   -390.462  29
     215  -0.627893    262.469     389.75   -51.0833   -386.388  26
     216    -2.1465    261.969      384.5   -53.7197   -380.729  20
     217   -0.80604    261.141     381.25   -58.7163   -376.701  20
     218  -0.712961    260.141        378   -64.7252   -372.417  28
     219   -1.09242    259.391     374.25    -68.904   -367.852  29
     220  -0.790038    258.188     370.25   -75.7937   -362.409  30
     221   -1.03484    257.609     367.75   -78.9101   -359.184  33
     222  -0.958134    256.828     364.75   -83.1167   -355.154  31
     223  -0.670059    255.641        362   -89.7771   -350.691  29
     224    -1.0761    255.016      359.5   -92.9507   -347.276  32
     225  -0.807297        254     356.75   -98.3336    -342.93  30
     226   -1.21627    253.469      354.5   -100.869   -339.847  31
     227   -0.81276    252.469        352   -106.032   -335.651  28
     228   -1.11182    251.766      349.5    -109.36    -331.95  30
     229  -0.747511    250.625     347.25     -115.2   -327.584  27
     230  -0.729274    249.922        346   -118.782   -324.972  33
     231   -1.18547    249.109     343.25   -122.398   -320.686  26
     232  -0.591717    248.078     342.25   -127.776   -317.503  32
     233   -1.21646    247.297     339.75   -131.129   -313.425  33
     234   -1.22871    246.656     337.75   -133.832   -310.103  29
     235  -0.619956     245.75        337   -138.412   -307.264  31
     236   -1.08849    244.938        335   -141.908   -303.458  31
     237  -0.776519    243.953     333.75   -146.552   -299.853  34
     238   -0.77745    242.875      332.5   -151.598    -295.93  32
     239   -2.02921    242.406      330.5   -153.087   -292.907  32
     240  -0.693883    241.281     329.75   -158.448   -289.187  27
     241  -0.763557    240.375        329   -162.632   -285.993  27
     242   -1.15465    239.875        328   -164.619   -283.698  34
     243  -0.757595    239.125      327.5   -168.062    -281.09  38
     244   -1.09318    237.906      325.5    -172.94   -275.757  34
     245  -0.632097      237.5      325.5   -174.891   -274.524  35
     246  -0.983468    236.641      324.5   -178.439   -271.035  28
     247  -0.815921    235.703        324   -182.568   -267.666  32
     248  -0.758627    234.625     323.75   -187.427   -263.979  39
     249  -0.871812    233.656     323.25   -191.567    -260.37  43
     250   -1.12741    233.234     322.75    -193.18   -258.552  35
     251  -0.759987    232.297     322.75   -197.384   -255.357  40
     252   -1.24196    231.531     321.75   -200.157   -251.913  35
     254  -0.877748    230.391      321.5   -204.972   -247.686  30
     258    1.03363    227.797     771.75   -518.432   -571.688  31
     260  -0.920605    226.938     771.75   -526.948   -563.848  33
     261  -0.775344    226.188     772.75   -534.975   -557.624  35
     262   -1.34171    225.375        771   -541.599   -548.736  30
     263  -0.747338    224.484     772.75   -551.312   -541.477  32
     264  -0.910521    223.609      773.5    -560.06   -533.512  32
     265  -0.515085    222.828     777.25   -570.032   -528.376  38
     266   -1.14853    222.078        777   -576.714   -520.701  35
     267   -1.17305    221.188     776.75    -584.55    -511.51  37
     268  -0.970417    220.359     777.75   -592.644   -503.655  35
     269  -0.638912    219.656     780.75   -601.089   -498.259  35
     270  -0.655484    218.844     784.25    -610.82   -491.881  40
     271   -1.15221    218.016     784.75    -618.26   -483.309  37
     272  -0.806187    217.109     787.75   -628.219    -475.28  38
     273  -0.868484    216.359        790   -636.198    -468.35  40
     274   -1.44096    215.453     789.75   -643.323   -458.084  35
     275  -0.709201    214.641     793.75   -653.045   -451.189  32
     276   -0.77755    213.859     797.25   -662.042   -444.193  38
     277  -0.992347        213     799.75   -670.727   -435.575  35
     278  -0.912309    212.266      802.5    -678.58   -428.411  36
     279  -0.732703    211.469        807    -688.31   -421.281  35
     280   -1.30441    210.531      808.5   -696.403   -410.725  31
     281  -0.870218    209.703      812.5   -705.741   -402.599  29
     282  -0.733944    208.891     817.75   -715.976   -395.087  38
     283  -0.882581    208.172      821.5   -724.181   -387.845  33
     284  -0.717931    207.406        827   -734.182   -380.665  32
     285   -1.38143    206.422     829.25   -742.628   -368.997  28
     286  -0.436085    205.734     837.75   -754.659   -363.751  35
     287    -1.5437    204.844      839.5    -761.81   -352.712  30
     288  -0.889851        204        845   -771.946   -343.692  31
     289  -0.657189    203.172        853   -784.187   -335.648  35
     290    -1.0927    202.422        857   -792.211    -326.88  32
     291  -0.918598    201.547     863.25   -802.924   -317.039  28
     292   -0.98492    200.812     868.25   -811.595   -308.499  26
     293    -1.0087    199.906      874.5   -822.249   -297.752  24
     294  -0.686679    199.188      882.5   -833.475   -290.043  26
     295  -0.855159    198.344     890.25   -845.012   -280.177  28
     296   0.298862    197.391     2019.5   -1927.19   -603.598  20
     297   -2.56581    196.547    2021.75   -1938.02   -575.794  25
     299   -1.18981    195.703       2035   -1959.05   -550.779  21
     300  -0.753206    194.906       2057   -1987.78   -529.139  14
     301   -1.02601    194.094    2073.75   -2011.33   -504.977  23
     302   -1.34326     193.25    2086.75    -2031.2   -478.284  21
     303  -0.704687    192.469     2112.5   -2062.67   -456.104  22
     304  -0.852907    191.625     2136.5   -2092.67   -430.516  16
     305   0.255922    190.625    1564.25   -1537.43   -288.417  21
     306      1.244    189.766     1537.5   -1515.22   -260.788  20
     307    1.03364    188.984     1509.5   -1490.98   -235.731  20
     308   0.932427    188.156       1478   -1463.05   -209.688  23
     309    1.31207    187.328    1456.75   -1444.85   -185.811  23
     310    1.82714      186.5    1441.75   -1432.48   -163.211  22
     311   0.844529    185.594     1408.5   -1401.79   -137.293  24
     312     1.8051    184.766    1394.75   -1389.93   -115.876  27
     313   0.889388    183.969     1369.5   -1366.22   -94.7863  29
     314   0.973982    183.125    1346.25   -1344.25   -73.3901  25
     315    1.16914    182.375    1329.75   -1328.61   -55.1044  24
     316   0.907547    181.547    1307.25   -1306.77   -35.2889  24
     317    1.37007    180.766    1293.75   -1293.63   -17.2874  29
     318   0.921861    179.922       1273      -1273    1.73578  24
     319  0.0237472    177.938     535.25   -534.903    19.2635  25
     320    1.72757    177.062        531   -530.302    27.2119  28
     321    1.29574    176.188      525.5   -524.337    34.9413  27
     322   0.944252    175.469      519.5   -517.876     41.042  27
     323    1.41609    174.469     514.25   -511.856    49.5679  28
     324    1.00924    173.703     508.75   -505.681    55.7998  28
     325    2.15353    172.844     506.25   -502.306    63.0664  23
     326     1.0558    171.938      500.5   -495.553    70.1967  28
     327    1.33369    171.141     496.75   -490.823    76.5044  30
     328    1.19946    170.406        493   -486.105     82.164  28
     329    1.30016    169.453     488.75   -480.493    89.4607  24
     330   0.831896    168.844      484.5   -475.344    93.7436  30
     331    1.90052    167.922     482.25   -471.575    100.909  35
     332    1.15203    166.984        478    -465.72    107.654  32
     333     1.8186    166.109        476    -462.08    114.273  35
     334   0.981457    165.312        472   -456.576    119.674  33
     335    1.44168    164.547     469.75   -452.768    125.165  32
     336    1.14183    163.641     466.25   -447.373    131.325  31
     337    1.79489    162.797     464.75   -443.958    137.455  30
     338    1.03642    161.922     461.25    -438.48    143.132  31
     339    1.16671    161.078      458.5   -433.723    148.682  29
     340   0.971859    160.516     456.25   -430.122    152.182  26
     341    1.76957    159.578        455   -426.403    158.763  31
     342   0.792021    158.891     451.75   -421.435    162.698  28
     343     1.5945    157.859     450.25   -417.049    169.691  29
     344    1.24767    157.203     448.75   -413.696    173.875  30
     345    1.15036    156.406     446.75   -409.405    178.811  30
     346    1.60903    155.469     445.75   -405.514    185.071  36
     347   0.955791    154.812     443.75   -401.558    188.852  34
     348    1.64969    153.812        443   -397.528      195.5  33
     349    1.33016    152.922     441.75   -393.328    201.087  37
     350     1.1515    152.109     440.25   -389.112    205.942  36
     351    2.37536    151.422     440.75   -387.052    210.836  31
     352   0.902554    150.469     438.25   -381.316    216.013  29
     353    1.32944    149.672      437.5   -377.627    220.916  23
     354   0.703025    149.016     435.25   -373.143    224.069  28
     355     1.9748    148.188     435.75   -370.291    229.702  36
     356     1.5806    147.172     435.75   -366.161    236.229  35
     357    1.53482    146.656     435.75    -364.02    239.515  35
     358    0.96904    145.734     434.25    -358.88    244.496  28
     359    1.08626    144.781     433.25   -353.946    249.855  33
     360     1.3967    144.016     433.25   -350.576    254.562  35
     361    1.35606    143.172     433.25   -346.789    259.697  35
     362    1.57674    142.391     433.75   -343.612    264.707  29
     363    1.27743      141.5     433.75   -339.456    270.016  28
     364  -0.642465    140.156     352.25   -270.456    225.685  14
     366   -1.00247    139.109     440.25   -332.812    288.195  10
     367  0.0931829    138.312      434.5   -324.477    288.972  29
     368   0.842433    137.594     433.75   -320.273    292.514  37
     369    1.35688    136.719      434.5   -316.315    297.885  33
     370   0.969847    135.844     434.25    -311.55    302.506  29
     371    2.66892     135.25     436.25   -309.818    307.126  34
     372    1.06288    134.297      436.5   -304.841    312.417  33
     373    1.54353    133.594     437.75   -301.846    317.039  31
     374   0.934812    132.547     437.75   -296.004    322.501  26
     375     1.3256    131.859     438.75    -292.78    326.774  35
     376    1.28074    131.156     439.75   -289.406    331.096  35
     377    1.12329    130.188     440.75   -284.412    336.705  35
     378    1.52407    129.234        443   -280.195    343.132  36
     379    1.28481    128.547     444.25   -276.836    347.447  31
     380    1.26949     127.75     445.75   -272.896     352.45  36
     381    1.49985    127.094      447.5   -269.897    356.948  28
     382    1.15846    126.094     449.25   -264.657    363.018  33
     383   0.717829     125.25     449.25   -259.282    366.876  34
     384      1.973    124.656     451.75   -256.888      371.6  37
     385    1.06662    123.672      453.5   -251.437    377.415  37
     386    1.81673    123.016     456.25   -248.596    382.576  26
     387    1.23779    122.172      458.5   -244.133    388.099  33
     388    1.17115    121.297     460.75   -239.347    393.705  34
     389    1.62691    120.641      463.5   -236.224    398.787  28
     390    1.18343    119.859     465.75   -231.884    403.922  32
     391    1.26243    118.812     469.25   -226.153    411.158  35
     392    1.34126    118.219      471.5   -222.944    415.462  17
     393   0.578616    117.438     471.75   -217.373    418.685  19
     394    1.82224    116.594      476.5   -213.311    426.088  31
     395    1.18964    115.844     479.25   -208.914    431.318  27
     396    1.34273    114.891      483.5   -203.499    438.589  29
     397   0.949994    114.203      485.5   -199.042    442.823  23
     398    1.16009    113.219      489.5   -192.982    449.854  25
     399    1.94218    112.625     493.75   -189.945    455.752  26
     400   0.998236    111.797     496.75   -184.452    461.235  29
     401    1.65547    110.938      502.5   -179.568     469.32  27
     402    0.87256    110.031      505.5    -173.15     474.92  26
     403    1.55671    109.156      511.5   -167.846    483.177  27
     404     1.0195    108.328     515.25   -162.025    489.112  33
     405    1.19441    107.578      519.5   -156.892    495.242  28
     406   0.873695    106.594      523.5   -149.503    501.698  24
     407     1.3886    105.828        529   -144.286    508.943  25
     408    1.33061    105.094     534.25   -139.118    515.819  30
     409    1.34939    104.297     540.25   -133.413    523.518  22
     410   0.686839    103.453     543.25   -126.387    528.344  26
     411  -0.969676    102.609        531   -115.919    518.193  20
     412  -0.654082    101.641        522   -105.325    511.264  20
     413   -1.13738    100.984     511.75   -97.5095    502.374  21
     414  -0.565637    99.9062     503.75   -86.6634    496.239  26
     415   -1.00803    99.0938     493.75   -78.0374    487.544  26
     416  -0.889226    98.2188     484.75   -69.2964    479.771  24
     417  -0.790377    97.3594     477.25   -61.1321    473.319  22
     418   -1.07031    96.6094     468.75    -53.953    465.635  25
     419  -0.571816    95.7188      463.5   -46.1856    461.193  25
     420   -1.10264     94.875      454.5   -38.6244    452.856  23
     421  -0.657831    93.8906      448.5   -30.4316    447.466  25
     422   -1.00369     93.125     441.75   -24.0818    441.093  28
     423  -0.747371    92.1719     435.75   -16.5137    435.437  27
     424  -0.844911    91.4375     430.75    -10.806    430.614  24
     425  -0.880567    90.5938        425   -4.40415    424.977  24
     426  -0.833538    89.7031      419.5    2.17361    419.494  28
     427   -1.02186    89.0156      414.5      7.121    414.439  26
     428  -0.750621    87.9375        409    14.7198    408.735  26
     429  -0.787933    87.1562        405     20.093    404.501  24
     430  -0.690559    86.2812     401.25    26.0246    400.405  28
     431   -1.08357    85.3594     395.25     31.978    393.954  28
     432  -0.631345    84.4375        392    37.9971    390.154  28
     433   -1.13219    83.7188      387.5     42.396    385.174  29
     434  -0.637664    82.7969      384.5    48.2114    381.465  30
     435  -0.740595    81.9844      381.5    53.1976    377.773  29
     436  -0.875739    80.9844     377.25    59.1165    372.589  31
     437    -1.2474    80.3906     373.75    62.3901    368.506  32
