73.094 347.138
77.8382 342.26
81.9512 337.698
86.6128 332.659
91.9573 329.146
95.0063 324.633
99.2673 319.693
104.464 315.927
108.449 312.465
110.415 309.122
116.164 304.601
118.881 300.596
123.099 296.729
126.62 293.611
128.721 289.963
131.722 286.962
137.264 282.409
139.859 279.177
142.136 276.901
145.654 273.934
151.497 268.453
151.538 266.993
156.215 262.249
159.182 259.286
161.665 257.155
165.858 253.276
168.529 250.001
173.05 246.282
174.968 244.308
178.28 240.658
180.81 237.508
184.581 234.271
187.913 229.995
189.449 229.056
192.393 226.261
195.999 222.146
198.949 219.507
201.989 216.371
205.561 212.285
207.684 209.505
211.452 206.776
214.57 203.175
217.375 200.171
220.245 197.008
222.385 195.348
224.935 193.175
228.619 189.193
231.321 186.278
234.832 182.647
236.714 180.614
240.483 176.834
243.102 174.506
246.056 171.192
248.781 168.992
253.308 164.894
255.001 159.923
258.047 158.81
261.64 154.792
264.572 150.737
266.994 148.473
270.648 144.379
273.595 140.911
276.61 137.725
279.113 136.038
282.516 132.397
286.133 127.488
289.122 124.403
292.737 121.63
294.949 120.198
298.804 115.917
302.166 110.54
306.27 108.738
309.237 105.537
311.443 101.288
316.511 96.8612
319.235 94.751
323.755 89.8802
327.174 85.8513
330.606 82.5249
333.826 78.7975
337.552 75.9931
341.297 69.244
345.278 65.8459
348.918 61.2294
352.811 59.2382
357.397 54.3104
361.343 47.8725
365.65 43.682
370.179 39.2136
374.385 34.813
379.21 31.3017
383.813 26.8388
388.472 20.2528
393.67 16.1125
397.641 9.32752
402.976 4.39596
408.5 0.557005
413.446 -6.65373
418.578 -11.9917
425.144 -17.4026
431.607 -23.5639
437.656 -30.9647
443.551 -35.8821
448.603 -43.9385
455.472 -50.3811
462.03 -56.7302
469.458 -65.4601
475.925 -71.3908
482.787 -80.7908
492.412 -88.2085
499.894 -97.1695
507.863 -106.94
516.147 -115.902
525.942 -124.599
534.642 -135.315
545.381 -144.697
554.967 -157.009
565.566 -168.033
578.22 -178.856
590.211 -192.307
603.456 -206.315
619.549 -220.149
635.774 -235.533
651.092 -251.562
667.168 -268.714
686.819 -286.683
705.534 -306.541
728.436 -326.471
752.259 -349.538
772.204 -371.686
803.413 -399.482
831.768 -429.252
858.927 -458.2
894.563 -491.099
927.953 -526.68
967.374 -565.922
1003.38 -606.616
1062.38 -661.042
1100.25 -706.864
1157.02 -766.715
1225.56 -835.927
1200.47 -844.488
1188.34 -861.894
1170.49 -876.018
1153.3 -889.957
1141.59 -906.535
1126.16 -920.112
1108.28 -933.058
1091.92 -946.051
1079.36 -963.364
1065.32 -978.861
1049.78 -990.785
1032.56 -1004.78
1019.19 -1019.76
1006.24 -1034.63
989 -1047.34
973.863 -1062.79
956.275 -1074.96
941.861 -1088.27
926.84 -1102.73
910.942 -1115.57
899.383 -1132.59
881.677 -1145.79
863.559 -1155.14
851.654 -1173.54
860.214 -1219.97
527.842 -786.252
473.427 -729.014
427.248 -681.674
393.749 -648.878
356.165 -609.576
324.758 -579.162
298.463 -551.122
274.564 -526.736
254.018 -506.357
234.219 -489.334
215.885 -470.319
201.023 -453.164
186.56 -441.176
173.839 -428.586
160.057 -416.29
149.057 -405.737
139.949 -395.202
128.172 -384.447
117.998 -374.605
109.095 -366.091
101.034 -357.498
92.2589 -350.822
86.4854 -343.273
78.2475 -336.009
71.1741 -330.421
64.4494 -322.626
58.079 -317.227
52.1594 -311.159
46.1264 -305.791
40.6353 -301.02
36.5383 -296.255
28.1924 -291.138
23.1424 -287.069
19.7062 -281.812
16.9092 -277.736
12.2367 -273.476
6.41892 -267.423
1.22331 -263.497
-3.74276 -258.973
-7.63442 -254.385
-10.9376 -250.511
-12.8711 -246.915
-19.1923 -242.993
-20.1328 -239.154
-22.6116 -236.17
-28.7995 -232.473
-29.1222 -229.913
-35.5399 -225.972
-35.4949 -223.702
-40.5661 -220.55
-44.1499 -218.841
-45.3889 -222.161
-50.4591 -226.446
-52.4445 -230.612
-58.5501 -234.553
-63.4647 -240.001
-68.1458 -245.726
-73.5873 -251.454
-76.2593 -259.007
-84.459 -264.597
-87.7859 -272.457
-96.0912 -277.589
-99.3906 -284.117
-107.994 -290.047
-114.391 -297.517
-120.602 -306.904
-128.306 -314.591
-137.615 -323.713
-146.679 -332.865
-157.867 -343.181
-166.732 -354.774
-178.6 -368.222
-190.8 -380.603
-205.709 -395.163
-218.16 -409.231
-239.644 -435.407
-257.53 -457.21
-272.151 -468.43
-299.598 -499.839
-327.269 -532.759
-358.522 -569.258
-393.999 -605.616
-435.788 -654.129
-485.543 -711.033
-768.28 -1072.77
-781.917 -1057.9
-795.951 -1046.12
-809.483 -1033.78
-836.646 -1038.39
-1430.25 -1744.69
-1450.64 -1719.27
-1481.46 -1707.05
-1503.81 -1683.04
-1526.74 -1658.86
-1550.38 -1636.45
-1574.39 -1616.16
-1596.52 -1592.18
-1611.95 -1562.58
-1639.53 -1545.66
-1664.18 -1522.43
-1686.13 -1499.96
-1706.15 -1473.33
-1730.67 -1453.8
-1750.72 -1428
-1774.11 -1404.08
-1791.09 -1377.44
-1815.02 -1354.55
-1839.87 -1332.14
-1859.34 -1305.7
-1880.62 -1281.96
-1532.31 -1008.22
-1427.02 -909.111
-1341.32 -825.994
-1266.77 -754.128
-1203.64 -692.737
-1152.18 -639.481
-1098.78 -588.073
-1109.99 -573.2
-1115.75 -557.436
-1131.57 -543.906
-1136.92 -527.887
-1152.16 -513.722
-1162.32 -500.502
-1177.09 -486.074
-1192.95 -472.179
-1214.92 -462.572
-1219.48 -444.602
-1234.39 -428.799
-1245.44 -412.567
-1261.59 -400.054
-1274.29 -383.517
-1286.61 -368.176
-696.828 -178.189
-681.057 -163.897
-666.117 -150.922
-648.58 -135.094
-633.395 -123.12
-618.556 -109.937
-603.714 -98.8295
-589.748 -87.8123
-579.332 -77.5566
-566.92 -66.0061
-557.974 -55.7228
-547.512 -46.6977
-537.448 -37.4312
-527.924 -29.5433
-518.31 -21.3521
-508.303 -14.1449
-501.45 -7.10706
-492.749 1.21261
-484.181 8.18936
-477.49 15.7649
-470.244 21.8142
-463.959 27.1092
-456.656 35.0656
-450.646 40.9169
-442.407 47.9671
-437.361 52.4928
-430.402 59.5319
-425.047 63.4024
-417.863 70.3911
-413.459 73.8344
-406.733 79.8642
-401.133 84.8098
-395.4 91.06
-390.086 93.99
-385.404 99.3351
-380.381 104.596
-375.318 108.728
-371.754 114.544
-364.935 118.687
-361.284 121.761
-356.45 126.555
-352.619 130.522
-347.027 135.384
-342.983 138.79
-339.366 142.963
-334.837 145.918
-331.141 149.927
-325.903 154.687
-321.623 158.935
-319.111 161.719
-314.571 165.069
-309.393 169.956
-306.148 173.21
-301.744 175.859
-298.588 178.744
-294.433 184.097
-289.541 187.133
-287.217 189.32
-283.781 193.104
-279.784 196.249
-275.781 200.139
-272.149 203.801
-268.666 206.736
-264.212 210.397
-260.17 214.59
-258.775 216.661
-254.371 219.908
-250.116 223.237
-245.995 227.77
-242.883 230.359
-239.145 234.237
-236.977 236.077
-232.146 240.134
-229.422 243.082
-226.353 245.942
-221.528 249.294
-218.092 252.966
-215.223 256.065
-211.373 259.575
-208.016 261.953
-205.533 264.856
-201.388 267.708
-198.901 272.043
-188.512 266.275
-191.107 277.574
-186.555 281.853
-183.489 284.752
-180.276 287.977
-175.399 291.556
-173.071 293.816
-168.409 297.662
-163.709 301.126
-161.982 304.043
-158.247 306.848
-155.054 310.99
-150.461 314.346
-147.678 317.594
-141.127 321.924
-139.709 324.448
-134.864 328.115
-131.566 331.604
-126.452 336.26
-122.719 339.767
-118.908 343.501
-112.733 346.629
-108.164 350.699
-104.362 354.456
-101.27 357.95
-95.1837 361.944
-90.8087 365.9
-88.0061 369.669
-82.9902 373.388
-77.1116 378.474
-72.4511 382.193
-67.438 386.156
-64.3844 389.971
-59.4104 395.311
-54.0267 398.605
-49.6192 403.208
-44.0261 407.126
-39.4319 411.867
-32.3026 416.248
-28.6503 421.277
-22.503 427.158
-16.4512 430.686
-11.3019 431.602
-2.31664 424.744
2.73906 418.491
9.99848 411.879
16.1703 405.928
21.8467 400.154
27.8411 393.516
33.7792 388.534
38.9825 385.032
43.2512 377.782
47.0752 373.293
53.5363 367.117
59.0911 362.212
62.59 357.817
