       2  -0.909821    78.1094     354.75    73.0941    347.138  23
       3   -1.02814    77.1875        351    77.8382     342.26  26
       4   -1.10913    76.3594      347.5    81.9513    337.698  27
       5   -1.08104    75.4062     343.75    86.6126    332.659  26
       6  -0.657426    74.3906     341.75    91.9572    329.146  28
       7   -1.47988    73.6875     338.25    95.0063    324.633  30
       8   -1.15948      72.75     334.75    99.2673    319.693  31
       9  -0.724704    71.7031     332.75    104.464    315.927  28
      10  -0.868725    70.8594     330.75    108.449    312.465  26
      11   -1.69984    70.3438     328.25    110.416    309.122  31
      12  -0.786463     69.125        326    116.164    304.601  30
      13   -1.47387    68.4219     323.25    118.882    300.596  31
      14  -0.916785    67.4688     321.25    123.099    296.729  32
      15  -0.885594    66.6719     319.75     126.62    293.611  33
      16   -1.73629    66.0625     317.25    128.721    289.963  30
      17  -0.999763    65.3438     315.75    131.722    286.962  30
      18  -0.821737    64.0781        314    137.264    282.409  35
      19   -1.24553    63.3906     312.25    139.858    279.177  39
      20  -0.999457    62.8281     311.25    142.136    276.901  32
      21  -0.843203         62     310.25    145.654    273.934  37
      22  -0.938162    60.5625     308.25    151.497    268.453  36
      23   -35.2489    60.4219        307    151.538    266.993  30
      24   -1.01435    59.2188     305.25    156.215    262.249  38
      25  -0.998625    58.4531     304.25    159.182    259.286  34
      26  -0.858386    57.8438     303.75    161.665    257.155  39
      27  -0.925052    56.7812     302.75    165.858    253.276  36
      28   -1.22634    56.0156      301.5    168.528    250.001  36
      29  -0.822532    54.9062        301     173.05    246.282  35
      30   -1.02897    54.3906      300.5    174.968    244.308  41
      31   -1.10186    53.4688      299.5    178.281    240.658  41
      32   -1.24546    52.7188      298.5     180.81    237.508  37
      33   -0.85835    51.7656     298.25    184.581    234.271  37
      34   -1.28324      50.75        297    187.913    229.995  37
      35  -0.611329    50.4062     297.25    189.449    229.056  43
      36  -0.949475     49.625        297    192.393    226.261  45
      37   -1.14136    48.5781     296.25    195.998    222.146  44
      38   -0.89425    47.8125     296.25    198.949    219.507  46
      39   -1.03158    46.9688        296     201.99    216.371  40
      40   -1.14394    45.9219      295.5    205.561    212.285  41
      41   -1.30944      45.25        295    207.684    209.505  45
      42  -0.724365    44.3594     295.75    211.452    206.776  43
      43   -1.15485    43.4375      295.5     214.57    203.175  48
      44    -1.0709    42.6406      295.5    217.375    200.171  44
      45   -1.10182    41.8125      295.5    220.245    197.008  45
      46  -0.775842    41.2969        296    222.385    195.348  42
      47  -0.852259    40.6562      296.5    224.934    193.175  40
      48   -1.08089    39.6094     296.75    228.619    189.193  39
      49   -1.07867    38.8438        297    231.321    186.278  37
      50   -1.03406     37.875      297.5    234.832    182.647  39
      51   -1.08044    37.3438     297.75    236.714    180.614  39
      52   -1.00303    36.3281      298.5    240.483    176.834  37
      53  -0.889165    35.6719     299.25    243.102    174.505  31
      54   -1.12168    34.8281     299.75    246.055    171.192  38
      55  -0.807037    34.1875     300.75    248.781    168.992  36
      56  -0.905379    33.0625     302.25    253.308    164.894  27
      57    -2.9364    32.0938        301    255.001    159.923  25
      58  -0.365448    31.6094        303    258.047     158.81  41
      59   -1.11845    30.6094        304     261.64    154.791  26
      60   -1.38267    29.6719      304.5    264.572    150.737  31
      61  -0.934751    29.0781      305.5    266.994    148.474  32
      62   -1.12058    28.0781     306.75    270.648     144.38  32
      63    -1.1769      27.25     307.75    273.595    140.911  31
      64   -1.05691    26.4688        309     276.61    137.724  30
      65  -0.673709    25.9844      310.5    279.113    136.038  32
      66   -1.07009    25.1094        312    282.516    132.396  28
      67   -1.35676    24.0156     313.25    286.133    127.488  28
      68   -1.03232    23.2812     314.75    289.122    124.403  31
      69  -0.767038    22.5625        317    292.737     121.63  31
      70  -0.647759    22.1719      318.5    294.949    120.198  27
      71   -1.11049    21.2031      320.5    298.803    115.917  28
      72   -1.59939    20.0938     321.75    302.166     110.54  31
      73  -0.439015    19.5469        325     306.27    108.738  27
      74    -1.0788    18.8438     326.75    309.237    105.536  21
      75   -1.92565    18.0156      327.5    311.443    101.288  26
      76  -0.873611    17.0156        331     316.51    96.8614  27
      77  -0.774391    16.5312        333    319.235    94.7512  26
      78   -1.07762    15.5156        336    323.755    89.8804  32
      79   -1.17863    14.7031     338.25    327.174    85.8515  30
      80  -0.969197    14.0156     340.75    330.606     82.525  23
      81   -1.15739    13.2812        343    333.826    78.7978  28
      82  -0.752855    12.6875        346    337.552    75.9931  29
      83   -1.80222    11.4688     348.25    341.297    69.2437  25
      84  -0.853573    10.7969      351.5    345.278    65.8457  26
      85   -1.26793    9.95312     354.25    348.918    61.2294  25
      86  -0.511477    9.53125     357.75    352.811    59.2382  25
      87   -1.07462    8.64062      361.5    357.397    54.3104  27
      88    -1.6317    7.54688      364.5    361.343    47.8724  26
      89  -0.972833     6.8125     368.25     365.65     43.682  24
      90  -0.986676    6.04688     372.25    370.179    39.2136  23
      91   -1.04624     5.3125        376    374.385     34.813  24
      92  -0.727674    4.71875      380.5     379.21    31.3017  20
      93  -0.969675          4     384.75    383.813    26.8388  25
      94   -1.41342    2.98438        389    388.472    20.2527  24
      95  -0.796506    2.34375        394     393.67    16.1125  24
      96   -1.70898    1.34375     397.75    397.641    9.32752  24
      97  -0.924308      0.625        403    402.976    4.39596  21
      98   -0.69501   0.078125      408.5      408.5   0.557005  23
      99   -1.45746    359.078      413.5    413.446   -6.65283  21
     100   -1.03981    358.359     418.75    418.578    -11.989  22
     101  -0.824242    357.656      425.5    425.144   -17.4007  20
     102  -0.953583    356.875     432.25    431.607   -23.5639  23
     103   -1.22335    355.953     438.75    437.656   -30.9637  24
     104  -0.834332    355.375        445    443.551   -35.8821  20
     105   -1.59414    354.406     450.75    448.604   -43.9366  20
     106  -0.938917    353.688     458.25    455.472   -50.3851  19
     107   -0.96744        353      465.5     462.03   -56.7302  19
     108   -1.17464    352.062        474    469.459    -65.456  20
     109   -0.91813    351.469     481.25    475.925   -71.3929  20
     110   -1.36961      350.5      489.5    482.787   -80.7908  16
     111  -0.770931    349.844     500.25    492.411   -88.2107  16
     112   -1.19734        349     509.25    499.894   -97.1695  15
     113   -1.22552    348.109        519    507.864   -106.937  19
     114   -1.08269    347.344        529    516.146   -115.905  18
     115  -0.887691    346.672      540.5    525.942     -124.6  22
     116   -1.23179    345.797      551.5    534.642   -135.316  20
     117  -0.873879    345.141     564.25     545.38   -144.701  18
     118   -1.28365    344.203     576.75    554.968   -157.007  19
     119   -1.04018    343.453        590    565.566   -168.032  18
     120  -0.854953    342.812     605.25    578.221   -178.851  16
     121   -1.12211    341.953     620.75    590.211   -192.305  17
     122   -1.05776    341.125     637.75    603.456   -206.315  16
     123  -0.860042    340.438      657.5    619.547   -220.154  16
     124  -0.947884    339.672        678    635.773   -235.534  16
     125   -1.04626    338.875        698    651.092   -251.562  16
     126    -1.0664    338.062     719.25     667.17   -268.708  16
     127  -0.915025    337.344     744.25    686.818   -286.686  15
     128   -1.06119    336.516     769.25    705.532   -306.545  15
     129  -0.869667    335.859     798.25    728.439   -326.466  15
     130  -0.968475    335.078      829.5     752.26   -349.536  16
     131   -1.11073    334.297        857    772.203   -371.688  17
     132  -0.890224    333.562     897.25    803.416   -399.475  20
     133   -1.05018    332.703        936    831.769   -429.251  14
     134   -1.06611    331.922      973.5    858.926   -458.202  15
     135  -0.922856    331.234     1020.5    894.566   -491.093  14
     136   -1.06596    330.422       1067    927.952   -526.682  14
     137  -0.995482    329.672    1120.75    967.373   -565.924  12
     138   -1.13029    328.844     1172.5    1003.38   -606.621  13
     139  -0.922178    328.109    1251.25    1062.38   -661.035  11
     140   -1.21004    327.281    1307.75    1100.25   -706.859  12
     141    -1.0546    326.469       1388    1157.02    -766.72  15
     142   -1.00959    325.703     1483.5    1225.56   -835.924  18
     143   0.341302    324.875    1467.75    1200.47   -844.488  32
     144    1.43539    324.047       1468    1188.34   -861.897  36
     145   0.791021    323.188       1462    1170.48   -876.028  32
     146   0.810885    322.344    1456.75    1153.29   -889.962  32
     147    1.41601    321.547    1457.75    1141.59   -906.537  32
     148   0.879839     320.75    1454.25    1126.16   -920.112  41
     149   0.723844    319.906    1448.75    1108.28   -933.053  41
     150   0.794515    319.094    1444.75    1091.92   -946.056  41
     151    1.37832     318.25    1446.75    1079.36   -963.364  37
     152    1.10424    317.422    1446.75    1065.32   -978.864  38
     153   0.766934    316.656     1443.5    1049.78   -990.781  42
     154   0.812719    315.781    1440.75    1032.56   -1004.78  38
     155    1.11996    314.984    1441.75    1019.19   -1019.75  40
     156    1.14853    314.203    1443.25    1006.24   -1034.63  41
     157   0.737315    313.359     1440.5    989.007   -1047.33  39
     158    1.02041      312.5     1441.5    973.863   -1062.79  35
     159   0.692172    311.656    1438.75     956.28   -1074.96  40
     160   0.923592    310.875    1439.25    941.861   -1088.27  39
     161   0.962259    310.047     1440.5    926.838   -1102.73  41
     162   0.808034    309.234    1440.25     910.95   -1115.57  37
     163    1.47142    308.453    1446.25    899.386   -1132.58  28
     164   0.745881    307.578    1445.75     881.68   -1145.79  41
     165   0.516005    306.781    1442.25    863.564   -1155.14  37
     166    1.54441    305.969       1450    851.649   -1173.54  30
     167   -5.42887    305.188    1492.75    860.203   -1219.98  12
     168   -1.30499    303.875        947    527.842   -786.252  14
     169   -1.05189        303     869.25    473.427   -729.014  14
     170   -1.02521    302.078      804.5     427.25   -681.673  14
     171  -0.978915     301.25        759    393.749   -648.878  13
     172   -1.04565    300.297        706    356.163   -609.577  16
     173  -0.968588    299.281        664     324.76    -579.16  15
     174   -1.06591    298.438     626.75    298.458   -551.125  13
     175   -1.02082    297.531        594    274.566   -526.735  13
     176  -0.991483    296.641      566.5    254.015   -506.358  16
     177  -0.860059    295.578      542.5     234.22   -489.334  17
     178   -1.03726    294.656      517.5    215.887   -470.318  22
     179   -1.15392    293.922     495.75    201.022   -453.165  15
     180   -0.82887    292.922        479    186.559   -441.177  15
     181  -0.989936    292.078      462.5     173.84   -428.586  16
     182  -0.892267    291.031        446    160.059    -416.29  16
     183  -0.959069    290.172     432.25    149.056   -405.737  20
     184   -1.15667      289.5     419.25    139.949   -395.202  20
     185  -0.912916    288.438     405.25    128.168   -384.448  20
     186  -0.968068    287.484     392.75        118   -374.605  19
     187  -0.955807    286.594        382    109.093   -366.091  20
     188   -1.06654    285.781      371.5    101.035   -357.497  18
     189  -0.760887    284.734     362.75    92.2612   -350.821  21
     190   -1.30626    284.141        354    86.4831   -343.273  25
     191  -0.882322    283.109        345    78.2497   -336.009  21
     192  -0.789899    282.156        338    71.1755   -330.421  18
     193   -1.15884    281.297        329    64.4487   -322.626  22
     194  -0.847542    280.375      322.5     58.079   -317.227  19
     195   -1.02476    279.516      315.5    52.1574   -311.159  22
     196  -0.890227    278.578     309.25    46.1271   -305.791  23
     197  -0.868248    277.688     303.75    40.6326    -301.02  20
     198   -1.16414    277.031      298.5    36.5396   -296.255  23
     199  -0.613125    275.531      292.5    28.1937   -291.138  20
     200  -0.805939    274.609        288    23.1443   -287.069  20
     201   -1.52897        274      282.5    19.7062   -281.812  21
     202    -1.4583    273.484     278.25     16.911   -277.736  22
     203  -0.911702    272.562     273.75    12.2391   -273.476  19
     204   -1.04005    271.375      267.5    6.41892   -267.423  19
     205   -0.75535    270.266      263.5    1.22159   -263.497  18
     206  -0.911238    269.172        259   -3.74333   -258.973  19
     207    -1.1793    268.281      254.5   -7.63331   -254.386  20
     208   -1.17248      267.5     250.75   -10.9376   -250.511  20
     209   -1.85858    267.016     247.25   -12.8727   -246.915  21
     210   -0.62066    265.484     243.75   -19.1907   -242.993  23
     211   -4.06644    265.188        240   -20.1349   -239.154  26
     212   -1.20521    264.531     237.25   -22.6106    -236.17  27
     213  -0.597241    262.938     234.25   -28.8015   -232.473  24
     214   -8.00578    262.781     231.75   -29.1212   -229.913  28
     215  -0.614095    261.062     228.75   -35.5379   -225.973  27
     216    51.0373    260.984      226.5   -35.4934   -223.702  26
     217  -0.621288    259.578     224.25   -40.5656    -220.55  28
     218  -0.476872    258.594     223.25   -44.1509   -218.841  30
     219    2.68278    258.453     226.75   -45.3884   -222.161  22
     220   0.844716    257.438        232    -50.461   -226.446  18
     221    2.09802    257.188      236.5   -52.4465   -230.611  14
     222   0.645955    255.984     241.75   -58.5486   -234.553  14
     223    1.10753    255.188     248.25   -63.4668       -240  11
     224     1.2237      254.5        255   -68.1458   -245.726  12
     225    1.05206    253.688        262   -73.5895   -251.453  11
     226    2.82807    253.594        270   -76.2604   -259.006  12
     227   0.681858    252.297     277.75   -84.4596   -264.597  13
     228    2.36147    252.141     286.25   -87.7877   -272.456  13
     229   0.618264    250.906     293.75     -96.09   -277.589  13
     230    1.97687    250.719        301   -99.3919   -284.117  14
     231   0.689489    249.578      309.5   -107.994   -290.048  13
     232    1.16732    248.969     318.75   -114.392   -297.516  12
     233    1.51152    248.547     329.75   -120.603   -306.904  13
     234    0.99851    247.812     339.75   -128.303   -314.593  16
     235   0.979231    246.969     351.75   -137.616   -323.713  12
     236    1.00966    246.219     363.75   -146.681   -332.865  13
     237   0.922093    245.297     377.75   -157.868    -343.18  12
     238    1.30805    244.828        392   -166.731   -354.774  11
     239    1.13301    244.125     409.25     -178.6   -368.222  12
     240    1.01491    243.375     425.75     -190.8   -380.603  13
     241   0.976585      242.5      445.5   -205.709   -395.163  11
     242    1.12934    241.938     463.75   -218.164   -409.229  14
     243    1.21862    241.172        497   -239.645   -435.407  10
     244     1.2194    240.609     524.75   -257.527   -457.212  11
     245   0.766911    239.844     541.75   -272.153   -468.429  10
     246    1.14477    239.062     582.75   -299.593   -499.841  11
     247    1.18913    238.438     625.25   -327.274   -532.757  12
     248    1.16801    237.797     672.75   -358.524   -569.257   9
     249      1.025    236.953      722.5   -393.997   -605.617  11
     250    1.16088    236.328        786   -435.787    -654.13   9
     251    1.14358    235.672        861   -485.545   -711.032  10
     252    1.27936    234.391     1319.5   -768.287   -1072.76  31
     254   -1.09062    233.531     1315.5   -781.912    -1057.9  28
     255  -0.839004    232.734     1314.5   -795.944   -1046.13  27
     256  -0.911753    231.938       1313   -809.492   -1033.78  34
     257   0.169545    231.141     1333.5   -836.653   -1038.38  12
     258     1.1899    230.656       2256   -1430.24   -1744.69  23
     259   -1.24601    229.844     2249.5   -1450.64   -1719.27  23
     260  -0.396618    229.047    2260.25   -1481.46   -1707.04  32
     261   -1.07434    228.219       2257   -1503.81   -1683.03  29
     262   -1.05404    227.375     2254.5   -1526.74   -1658.86  25
     263  -0.948257    226.547    2254.25   -1550.39   -1636.44  26
     264  -0.845162     225.75    2256.25   -1574.39   -1616.16  29
     265   -1.08363    224.922    2254.75   -1596.52   -1592.17  27
     266    -1.9191    224.109       2245   -1611.94   -1562.59  27
     267  -0.613152    223.312    2253.25   -1639.52   -1545.68  26
     268  -0.942692    222.453     2255.5   -1664.18   -1522.43  26
     269   -1.02345    221.656    2256.75   -1686.12   -1499.97  28
     270   -1.33042    220.812    2254.25   -1706.13   -1473.35  27
     271  -0.796785    220.031    2260.25   -1730.66    -1453.8  24
     272   -1.28624    219.203    2259.25   -1750.72   -1428.01  28
     273   -1.02272    218.359     2262.5    -1774.1   -1404.09  30
     274   -1.56899    217.562     2259.5   -1791.08   -1377.45  29
     275  -0.956606    216.734    2264.75   -1815.01   -1354.56  30
     276   -0.90183    215.906     2271.5   -1839.86   -1332.15  28
     277   -1.35812    215.078       2272   -1859.33    -1305.7  24
     278     -1.115    214.281       2276   -1880.62   -1281.97  26
     279   0.785953    213.344    1834.25   -1532.31   -1008.22  13
     280   0.941236      212.5       1692   -1427.02   -909.111  11
     281   0.969906    211.625    1575.25   -1341.32   -825.994  14
     282   0.964138    210.766    1474.25   -1266.77   -754.119  14
     283   0.972267    209.922    1388.75   -1203.64   -692.734  17
     284    1.03481    209.031    1317.75   -1152.18   -639.486  15
     285   0.962573    208.156    1246.25   -1098.77   -588.078  31
     286   -1.32671    207.312    1249.25   -1109.98    -573.21  28
     287   -2.73375    206.547    1247.25   -1115.75   -557.433  27
     288  -0.855326    205.672     1255.5   -1131.57   -543.904  27
     289   -2.99119    204.906     1253.5   -1136.92   -527.892  34
     290  -0.929781    204.031     1261.5   -1152.16   -513.727  33
     291   -1.30144    203.297     1265.5   -1162.32   -500.499  30
     292  -0.977353    202.438     1273.5   -1177.09   -486.064  33
     293  -0.875606    201.594       1283   -1192.95   -472.174  34
     294  -0.437353    200.844       1300   -1214.92   -462.567  31
     295   -3.94007    200.031       1298   -1219.48   -444.607  31
     296   -1.05971    199.156    1306.75   -1234.39   -428.804  30
     297   -1.46889    198.328       1312   -1245.44    -412.57  29
     298  -0.775381    197.594     1323.5   -1261.59   -400.049  30
     299   -1.30206     196.75    1330.75   -1274.29   -383.517  29
     300   -1.24557    195.969    1338.25   -1286.61    -368.17  30
     301   0.322126    194.344     719.25   -696.829   -178.186  15
     302   0.905746    193.531      700.5   -681.056     -163.9  18
     303   0.869046    192.766        683   -666.118   -150.918  20
     304   0.902583    191.766      662.5   -648.581    -135.09  22
     305   0.788235        191     645.25   -633.395    -123.12  22
     306   0.888314    190.078     628.25   -618.556   -109.938  20
     307   0.748549    189.297     611.75   -603.714   -98.8282  18
     308   0.788969    188.469     596.25   -589.749   -87.8097  21
     309   0.984264    187.625      584.5   -579.332   -77.5566  21
     310   0.930983    186.641     570.75   -566.921   -66.0024  21
     311    1.14887    185.703     560.75   -557.974    -55.724  19
     312   0.862751    184.875      549.5   -547.512   -46.6977  24
     313   0.920378    183.984     538.75   -537.448   -37.4347  23
     314   0.828474    183.203     528.75   -527.924   -29.5444  21
     315   0.851796    182.359     518.75    -518.31   -21.3555  25
     316   0.720778    181.594      508.5   -508.303   -14.1427  20
     317    1.02591    180.812      501.5    -501.45   -7.11143  20
     318     0.9563    179.859     492.75   -492.749    1.20939  24
     319   0.814435    179.031     484.25   -484.181    8.18725  26
     320    1.13207    178.109     477.75    -477.49    15.7618  25
     321   0.835602    177.344     470.75   -470.244    21.8163  25
     322   0.841769    176.656     464.75   -463.959    27.1072  23
     323    1.08935    175.609        458   -456.656    35.0626  22
     324    0.97355    174.812      452.5   -450.647    40.9129  25
     325   0.855722    173.812        445   -442.408    47.9632  27
     326   0.897237    173.156      440.5   -437.361    52.4909  27
     327    1.01178    172.125      434.5   -430.402    59.5319  24
     328   0.723241    171.516     429.75   -425.047    63.4052  24
     329   0.972819    170.438     423.75   -417.862    70.3948  25
     330   0.781238    169.875        420   -413.459    73.8344  24
     331   0.896833    168.891      414.5   -406.733    79.8669  23
     332   0.882111    168.062        410   -401.133    84.8063  27
     333    1.09054    167.031     405.75     -395.4    91.0582  26
     334   0.551569    166.453     401.25   -390.087    93.9891  27
     335    1.14188    165.547        398   -385.404     99.336  27
     336    1.04721    164.625      394.5   -380.381    104.596  26
     337   0.816305    163.844     390.75   -375.318    108.729  26
     338    1.63134    162.875        389   -371.754    114.544  24
     339   0.607351    161.984     383.75   -364.936    118.685  23
     340   0.842309    161.375     381.25   -361.284    121.761  26
     341   0.991792    160.453     378.25   -356.451    126.554  29
     342    1.03592    159.688        376   -352.618    130.525  28
     343   0.869417    158.688      372.5   -347.025    135.387  28
     344   0.842114    157.969        370   -342.982    138.792  29
     345    1.15349    157.156     368.25   -339.367    142.962  29
     346   0.652366    156.453     365.25   -334.837    145.917  30
     347    1.08509    155.641      363.5    -331.14    149.929  26
     348   0.908322    154.609     360.75   -325.904    154.685  28
     349   0.992729    153.703     358.75   -321.623    158.934  28
     350    1.10869    153.125     357.75   -319.111    161.719  34
     351   0.737426    152.312     355.25   -314.572    165.067  27
     352   0.944227    151.219        353   -309.392    169.958  26
     353    1.00244      150.5     351.75   -306.148     173.21  30
     354   0.601756    149.766     349.25   -301.743    175.861  26
     355   0.914027    149.094        348   -298.587    178.745  30
     356    1.28832    147.984     347.25   -294.435    184.095  31
     357   0.620838    147.125     344.75   -289.541    187.133  28
     358   0.941139    146.609        344   -287.219    189.318  26
     359    1.10119    145.766     343.25    -283.78    193.105  31
     360   0.786838    144.953     341.75   -279.785    196.249  30
     361   0.971451    144.031     340.75   -275.782    200.137  36
     362    1.00857    143.172        340   -272.149    203.802  35
     363   0.842543    142.422        339   -268.665    206.737  36
     364   0.822147    141.469     337.75   -264.211    210.398  30
     365    1.03728    140.484     337.25   -260.172    214.588  34
     366    1.48369    140.062      337.5   -258.776    216.659  32
     367   0.737457    139.156     336.25   -254.372    219.907  40
     368   0.782388     138.25     335.25   -250.116    223.237  41
     369    1.10001    137.203     335.25   -245.995    227.769  41
     370   0.832253    136.516     334.75   -242.882     230.36  40
     371    1.03751    135.594     334.75   -239.144    234.238  43
     372     0.8481    135.109      334.5   -236.978    236.075  38
     373   0.839848    134.031        334   -232.147    240.133  41
     374    1.08201    133.344     334.25    -229.42    243.083  47
     375   0.932005    132.625     334.25   -226.353    245.942  42
     376    0.69479    131.625      333.5   -221.528    249.294  43
     377    1.06859    130.766        334   -218.091    252.967  40
     378    1.08014    130.047      334.5   -215.222    256.066  41
     379   0.911628    129.156     334.75   -211.374    259.574  42
     380   0.708587    128.453      334.5   -208.017    261.953  35
     381    1.16918    127.812     335.25   -205.535    264.855  39
     382   0.688194    126.953        335   -201.389    267.708  35
     383    1.74224    126.172        337   -198.901    272.043  24
     384  -0.555211    125.297     326.25   -188.512    266.275  17
     385   -4.35497    124.547        337   -191.106    277.574  37
     386    0.94019      123.5        338   -186.555    281.853  29
     387   0.945203    122.797     338.75   -183.488    284.752  33
     388    1.00393    122.047     339.75   -180.276    287.977  33
     389   0.734075    121.031     340.25   -175.401    291.556  38
     390   0.969884      120.5        341   -173.071    293.816  39
     391   0.825039      119.5        342   -168.409    297.662  36
     392   0.737198    118.531     342.75    -163.71    301.125  36
     393    1.68783    118.047      344.5   -161.982    304.043  32
     394   0.751025    117.281     345.25   -158.248    306.847  30
     395     1.2968      116.5      347.5   -155.054     310.99  27
     396   0.730948    115.578      348.5   -150.462    314.346  34
     397    1.16628    114.938     350.25   -147.676    317.596  29
     398   0.661032    113.672      351.5   -141.127    321.925  33
     399    1.78018    113.297     353.25   -139.709    324.449  30
     400    0.75658    112.344     354.75   -134.863    328.115  29
     401    1.05766    111.641     356.75   -131.564    331.605  31
     402   0.910888    110.609     359.25   -126.454    336.259  26
     403   0.939614    109.859     361.25   -122.721    339.766  30
     404   0.979218    109.094      363.5   -118.906    343.502  29
     405   0.506472    108.016      364.5   -112.731    346.629  31
     406   0.890655    107.141        367   -108.161    350.699  32
     407   0.988952    106.406      369.5   -104.364    354.455  31
     408    1.12936    105.797        372   -101.269    357.951  27
     409   0.656342    104.734     374.25   -95.1861    361.943  26
     410   0.903493    103.938        377   -90.8055    365.901  26
     411    1.34504    103.391        380   -88.0037    369.669  24
     412   0.741989    102.531      382.5   -82.9918    373.388  28
     413   0.864715    101.516     386.25   -77.1091    378.475  24
     414   0.798649    100.734        389   -72.4536    382.193  22
     415   0.790088    99.9062        392   -67.4383    386.156  26
     416    1.24931     99.375     395.25   -64.3844    389.971  29
     417    1.07351    98.5469     399.75   -59.4102    395.311  24
     418   0.611962    97.7188     402.25   -54.0264    398.605  21
     419    1.04448    97.0156     406.25   -49.6194    403.208  22
     420   0.700479    96.1719      409.5   -44.0259    407.126  21
     421    1.03176    95.4688     413.75   -39.4315    411.867  21
     422   0.614642    94.4375      417.5   -32.3026    416.248  19
     423    1.37685    93.8906     422.25   -28.6505    421.277  24
     424    0.95664    93.0156     427.75   -22.5032    427.158  25
     425   0.582989    92.1875        431   -16.4512    430.686  24
     426   0.177915       91.5     431.75   -11.3019    431.602  20
     427  -0.763291    90.3125     424.75   -2.31664    424.744  25
     428   -1.23675     89.625      418.5    2.73906    418.491  23
     429  -0.910846    88.6094        412    9.99866    411.879  22
     430  -0.964125    87.7188     406.25    16.1707    405.928  22
     431   -1.01726     86.875     400.75    21.8467    400.154  23
     432   -1.10736    85.9531      394.5    27.8409    393.516  24
     433  -0.839003    85.0312        390    33.7788    388.534  26
     434  -0.673104    84.2188        387    38.9828    385.032  26
     435   -1.69824    83.4688     380.25    43.2516    377.782  24
     436   -1.17395    82.8125     376.25    47.0752    373.293  23
     437  -0.955968    81.7031        371    53.5361    367.117  25
     438  -0.883037    80.7344        367    59.0913    362.212  26
     439   -1.25608    80.0781     363.25    62.5899    357.817  23
